MEME version 4

ALPHABET= ACGU

Background letter frequencies:
A 0.2752 C 0.2075 G 0.2148 U 0.3025

MOTIF filter0
letter-probability matrix: alength= 4 w= 7 nsites= 26881
0.5799 0.2013 0.0703 0.1486
0.4083 0.2906 0.1682 0.1328
0.4129 0.3252 0.0183 0.2436
0.0895 0.6595 0.0034 0.2475
0.1585 0.4566 0.0151 0.3698
0.0443 0.2790 0.3289 0.3477
0.1002 0.2889 0.3003 0.3105

MOTIF filter1
letter-probability matrix: alength= 4 w= 7 nsites= 21232
0.0585 0.1325 0.7271 0.0819
0.1632 0.0011 0.6323 0.2034
0.1224 0.0590 0.6301 0.1885
0.1293 0.0753 0.7502 0.0453
0.0864 0.0708 0.4038 0.4390
0.0944 0.2921 0.5765 0.0370
0.0510 0.4387 0.2280 0.2823

MOTIF filter2
letter-probability matrix: alength= 4 w= 7 nsites= 30528
0.1188 0.0055 0.2337 0.6420
0.0317 0.8441 0.0153 0.1088
0.2464 0.5105 0.0047 0.2384
0.2541 0.4804 0.0306 0.2348
0.6157 0.1678 0.0100 0.2065
0.3717 0.2938 0.1600 0.1745
0.3289 0.0515 0.2405 0.3791

MOTIF filter3
letter-probability matrix: alength= 4 w= 7 nsites= 26664
0.1468 0.1755 0.5150 0.1627
0.5222 0.0451 0.3499 0.0828
0.0502 0.1875 0.7437 0.0187
0.5804 0.0226 0.3721 0.0250
0.2357 0.0859 0.5460 0.1324
0.0736 0.0721 0.4919 0.3624
0.1081 0.2270 0.6218 0.0432

MOTIF filter4
letter-probability matrix: alength= 4 w= 7 nsites= 36980
0.9390 0.0378 0.0039 0.0194
0.3132 0.1400 0.1723 0.3745
0.1278 0.0497 0.1919 0.6306
0.3486 0.1913 0.2875 0.1725
0.4128 0.1190 0.1117 0.3565
0.6012 0.0589 0.1280 0.2119
0.5979 0.0077 0.1650 0.2295

MOTIF filter5
letter-probability matrix: alength= 4 w= 7 nsites= 18422
0.1166 0.1951 0.0401 0.6482
0.0500 0.1227 0.1973 0.6300
0.1533 0.3797 0.2855 0.1815
0.7904 0.0252 0.0829 0.1014
0.3545 0.0611 0.0060 0.5784
0.5130 0.3834 0.0043 0.0993
0.2570 0.2085 0.0129 0.5216

MOTIF filter6
letter-probability matrix: alength= 4 w= 7 nsites= 18933
0.3806 0.0337 0.3661 0.2196
0.2555 0.3113 0.1342 0.2989
0.4097 0.0454 0.0159 0.5290
0.1187 0.6045 0.0375 0.2393
0.4219 0.1320 0.2299 0.2162
0.1721 0.1180 0.3993 0.3106
0.2320 0.0759 0.1440 0.5481

MOTIF filter7
letter-probability matrix: alength= 4 w= 7 nsites= 26618
0.1764 0.1027 0.1309 0.5900
0.2871 0.1372 0.2918 0.2839
0.2124 0.0274 0.1469 0.6133
0.2143 0.0849 0.2475 0.4533
0.6715 0.0171 0.0098 0.3016
0.0099 0.0104 0.9185 0.0612
0.5164 0.1338 0.0089 0.3409

MOTIF filter8
letter-probability matrix: alength= 4 w= 7 nsites= 23297
0.3189 0.2151 0.1023 0.3637
0.8456 0.0503 0.0416 0.0624
0.2496 0.5673 0.0942 0.0889
0.4071 0.1700 0.2201 0.2028
0.1211 0.2695 0.1511 0.4583
0.2386 0.1591 0.3290 0.2733
0.1183 0.0550 0.1674 0.6593

MOTIF filter9
letter-probability matrix: alength= 4 w= 7 nsites= 48456
0.4652 0.2476 0.1017 0.1855
0.5136 0.2317 0.0808 0.1740
0.4298 0.2128 0.0910 0.2664
0.3470 0.1260 0.2822 0.2448
0.2519 0.0687 0.4852 0.1942
0.2959 0.0873 0.4003 0.2165
0.2779 0.2167 0.2850 0.2205

MOTIF filter10
letter-probability matrix: alength= 4 w= 7 nsites= 33465
0.0716 0.4770 0.1316 0.3198
0.2396 0.1944 0.0241 0.5418
0.2421 0.3576 0.0595 0.3408
0.3617 0.2790 0.0460 0.3133
0.3764 0.4166 0.0241 0.1829
0.2185 0.3115 0.0087 0.4613
0.0294 0.1127 0.0959 0.7619

MOTIF filter11
letter-probability matrix: alength= 4 w= 7 nsites= 30264
0.4434 0.0076 0.0052 0.5438
0.5817 0.1655 0.0363 0.2164
0.7265 0.1112 0.0390 0.1234
0.2953 0.3302 0.0254 0.3492
0.0706 0.0741 0.2752 0.5801
0.3379 0.3512 0.1408 0.1701
0.0301 0.2132 0.5196 0.2371

MOTIF filter12
letter-probability matrix: alength= 4 w= 7 nsites= 13929
0.0399 0.4625 0.0322 0.4654
0.2779 0.2984 0.2010 0.2227
0.0529 0.2680 0.6343 0.0448
0.0156 0.8459 0.1108 0.0277
0.0624 0.6941 0.1960 0.0474
0.0786 0.3856 0.0521 0.4837
0.0680 0.3010 0.5492 0.0817

MOTIF filter13
letter-probability matrix: alength= 4 w= 7 nsites= 55837
0.3318 0.0502 0.1190 0.4990
0.0302 0.0000 0.9668 0.0030
0.3949 0.2234 0.0388 0.3428
0.4185 0.0858 0.0960 0.3998
0.3089 0.0052 0.3713 0.3147
0.3151 0.2319 0.2827 0.1703
0.2937 0.2392 0.0143 0.4527

MOTIF filter14
letter-probability matrix: alength= 4 w= 7 nsites= 33276
0.0146 0.0433 0.8395 0.1026
0.2193 0.0995 0.0079 0.6733
0.2416 0.0974 0.0334 0.6275
0.3638 0.0868 0.0559 0.4935
0.3233 0.1230 0.0837 0.4700
0.2014 0.1780 0.0658 0.5549
0.1515 0.2522 0.1293 0.4670

MOTIF filter15
letter-probability matrix: alength= 4 w= 7 nsites= 15764
0.0694 0.6161 0.0435 0.2710
0.5990 0.0452 0.0202 0.3356
0.1402 0.5783 0.0863 0.1953
0.1865 0.2062 0.3710 0.2362
0.1299 0.1559 0.5724 0.1417
0.2559 0.2471 0.2087 0.2883
0.0490 0.7621 0.0181 0.1708

