MEME version 4

ALPHABET= ACGU

Background letter frequencies:
A 0.2749 C 0.2082 G 0.2142 U 0.3028

MOTIF filter0
letter-probability matrix: alength= 4 w= 7 nsites= 43627
0.4128 0.2804 0.1440 0.1627
0.5697 0.2042 0.0764 0.1497
0.5947 0.2060 0.0535 0.1458
0.3889 0.1966 0.0454 0.3690
0.2308 0.3735 0.0843 0.3114
0.1301 0.2314 0.0910 0.5475
0.1988 0.2555 0.1090 0.4368

MOTIF filter1
letter-probability matrix: alength= 4 w= 7 nsites= 60185
0.0561 0.1535 0.5025 0.2878
0.1248 0.2052 0.5565 0.1134
0.2029 0.2822 0.3249 0.1900
0.3178 0.2034 0.2797 0.1991
0.2393 0.1561 0.2871 0.3175
0.1662 0.0482 0.4555 0.3301
0.0399 0.0734 0.4325 0.4542

MOTIF filter2
letter-probability matrix: alength= 4 w= 7 nsites= 50983
0.2749 0.3215 0.1198 0.2839
0.4373 0.1851 0.1010 0.2765
0.3034 0.2009 0.0620 0.4337
0.3439 0.1903 0.0137 0.4522
0.2340 0.3301 0.0167 0.4191
0.2513 0.3145 0.0127 0.4215
0.1766 0.3492 0.0129 0.4613

MOTIF filter3
letter-probability matrix: alength= 4 w= 7 nsites= 64020
0.0986 0.2542 0.2858 0.3613
0.0779 0.2617 0.3695 0.2909
0.1044 0.2069 0.3235 0.3652
0.1049 0.2922 0.1429 0.4600
0.2430 0.2290 0.0065 0.5216
0.3028 0.2398 0.0511 0.4062
0.3953 0.0868 0.2814 0.2365

MOTIF filter4
letter-probability matrix: alength= 4 w= 7 nsites= 36250
0.3547 0.0414 0.5230 0.0809
0.2045 0.0460 0.6721 0.0774
0.3678 0.0152 0.5358 0.0812
0.4623 0.0973 0.3589 0.0815
0.4667 0.2279 0.1802 0.1253
0.3250 0.2310 0.2412 0.2028
0.2678 0.1707 0.1700 0.3915

MOTIF filter5
letter-probability matrix: alength= 4 w= 7 nsites= 43834
0.3667 0.0499 0.4439 0.1395
0.2221 0.0655 0.4601 0.2522
0.4253 0.0600 0.3320 0.1827
0.4518 0.0268 0.2947 0.2267
0.4543 0.0185 0.3537 0.1735
0.3068 0.0731 0.3539 0.2662
0.2858 0.1273 0.2018 0.3852

MOTIF filter6
letter-probability matrix: alength= 4 w= 7 nsites= 55849
0.2597 0.0233 0.4822 0.2348
0.4460 0.0121 0.3438 0.1981
0.4597 0.0174 0.4559 0.0670
0.5888 0.0308 0.2513 0.1291
0.4301 0.0549 0.2201 0.2950
0.4247 0.0656 0.2326 0.2772
0.3258 0.1049 0.3192 0.2500

MOTIF filter7
letter-probability matrix: alength= 4 w= 7 nsites= 41269
0.0528 0.5706 0.1573 0.2193
0.3414 0.4082 0.0571 0.1932
0.3241 0.3869 0.1041 0.1849
0.4423 0.1473 0.1759 0.2345
0.2162 0.3004 0.1881 0.2954
0.2950 0.3641 0.1691 0.1718
0.2775 0.3537 0.1638 0.2051

MOTIF filter8
letter-probability matrix: alength= 4 w= 7 nsites= 29294
0.0566 0.3961 0.3073 0.2400
0.0766 0.5263 0.1387 0.2584
0.0488 0.3951 0.2873 0.2689
0.0830 0.3467 0.2817 0.2886
0.0708 0.1653 0.4909 0.2730
0.0833 0.2248 0.3891 0.3028
0.0602 0.3952 0.3755 0.1691

MOTIF filter9
letter-probability matrix: alength= 4 w= 7 nsites= 442491
0.3400 0.1682 0.1863 0.3055
0.2437 0.1068 0.4358 0.2136
0.2486 0.1245 0.4111 0.2158
0.2384 0.1770 0.4041 0.1805
0.3374 0.2401 0.1529 0.2696
0.3364 0.2188 0.1603 0.2845
0.2797 0.2233 0.2216 0.2754

MOTIF filter10
letter-probability matrix: alength= 4 w= 7 nsites= 45224
0.4130 0.1277 0.0249 0.4344
0.2295 0.1631 0.0586 0.5488
0.1817 0.1865 0.2140 0.4177
0.2371 0.1147 0.3794 0.2688
0.2464 0.0748 0.4653 0.2136
0.1494 0.1196 0.4798 0.2512
0.1942 0.1924 0.3820 0.2313

MOTIF filter11
letter-probability matrix: alength= 4 w= 7 nsites= 60793
0.1663 0.0267 0.3650 0.4420
0.1287 0.0549 0.4365 0.3800
0.1881 0.0966 0.1647 0.5507
0.1764 0.1191 0.1982 0.5063
0.1207 0.1304 0.0718 0.6770
0.0786 0.1347 0.1302 0.6565
0.0725 0.1641 0.1800 0.5834

MOTIF filter12
letter-probability matrix: alength= 4 w= 7 nsites= 42870
0.3115 0.3115 0.2151 0.1619
0.3229 0.2286 0.1030 0.3455
0.1532 0.1693 0.4173 0.2601
0.1638 0.0907 0.3587 0.3869
0.2087 0.0651 0.3622 0.3639
0.2506 0.0810 0.2848 0.3836
0.3450 0.0664 0.2902 0.2984

MOTIF filter13
letter-probability matrix: alength= 4 w= 7 nsites= 66833
0.3252 0.0348 0.2136 0.4263
0.2392 0.0714 0.4203 0.2691
0.1416 0.1636 0.3101 0.3847
0.0943 0.2493 0.2802 0.3762
0.1702 0.2897 0.0689 0.4712
0.4357 0.1860 0.0722 0.3060
0.4996 0.0907 0.2331 0.1766

MOTIF filter14
letter-probability matrix: alength= 4 w= 7 nsites= 52010
0.2292 0.1437 0.4791 0.1480
0.2049 0.1309 0.4704 0.1939
0.1491 0.1062 0.4106 0.3342
0.0786 0.0939 0.5601 0.2673
0.0718 0.0777 0.5628 0.2877
0.0671 0.0635 0.6949 0.1745
0.0795 0.1854 0.5607 0.1744

MOTIF filter15
letter-probability matrix: alength= 4 w= 7 nsites= 27569
0.5220 0.0881 0.0869 0.3030
0.4838 0.0872 0.1179 0.3112
0.5994 0.0919 0.0888 0.2199
0.4965 0.2540 0.1363 0.1132
0.4047 0.2521 0.2494 0.0937
0.1469 0.2564 0.3437 0.2530
0.3280 0.0776 0.3037 0.2906

