MEME version 4

ALPHABET= ACGU

Background letter frequencies:
A 0.2729 C 0.2109 G 0.2120 U 0.3041

MOTIF filter0
letter-probability matrix: alength= 4 w= 7 nsites= 19944
0.0975 0.3358 0.2176 0.3492
0.1489 0.2791 0.1804 0.3916
0.1721 0.2592 0.0569 0.5118
0.1516 0.3674 0.0478 0.4332
0.1607 0.3862 0.0296 0.4235
0.2600 0.2988 0.0507 0.3904
0.2907 0.0824 0.0470 0.5799

MOTIF filter1
letter-probability matrix: alength= 4 w= 7 nsites= 13101
0.3289 0.1491 0.2866 0.2354
0.2133 0.1987 0.3496 0.2384
0.3496 0.1899 0.3365 0.1240
0.3558 0.2574 0.1770 0.2098
0.5047 0.1268 0.0919 0.2766
0.3133 0.2731 0.0762 0.3374
0.2060 0.2363 0.0966 0.4610

MOTIF filter2
letter-probability matrix: alength= 4 w= 7 nsites= 14965
0.1135 0.0282 0.5936 0.2647
0.1250 0.0770 0.5851 0.2129
0.0947 0.1086 0.4271 0.3695
0.1372 0.1374 0.2429 0.4825
0.1468 0.1423 0.1240 0.5869
0.1476 0.1801 0.2084 0.4639
0.1633 0.1798 0.1213 0.5356

MOTIF filter3
letter-probability matrix: alength= 4 w= 7 nsites= 20188
0.1600 0.1263 0.2485 0.4652
0.1819 0.0833 0.2667 0.4681
0.2989 0.0936 0.2754 0.3321
0.4270 0.0770 0.2314 0.2646
0.4729 0.1142 0.1049 0.3080
0.3175 0.0487 0.0999 0.5338
0.3588 0.1300 0.0610 0.4503

MOTIF filter4
letter-probability matrix: alength= 4 w= 7 nsites= 10498
0.3081 0.0617 0.2933 0.3369
0.3823 0.1073 0.3511 0.1593
0.1791 0.2938 0.3067 0.2203
0.3969 0.3410 0.1309 0.1312
0.3196 0.4033 0.0480 0.2292
0.4952 0.2408 0.0778 0.1862
0.4469 0.1681 0.1760 0.2091

MOTIF filter5
letter-probability matrix: alength= 4 w= 7 nsites= 25618
0.3431 0.0112 0.3230 0.3227
0.3337 0.0147 0.3352 0.3164
0.4204 0.0317 0.1058 0.4421
0.3530 0.0494 0.1668 0.4308
0.2739 0.1048 0.2809 0.3403
0.2898 0.1487 0.2576 0.3039
0.3367 0.1727 0.1971 0.2935

MOTIF filter6
letter-probability matrix: alength= 4 w= 7 nsites= 11147
0.3989 0.2243 0.1008 0.2760
0.4849 0.3653 0.0071 0.1427
0.4682 0.2703 0.0169 0.2446
0.2880 0.4063 0.0323 0.2734
0.1780 0.2511 0.0888 0.4821
0.0621 0.2205 0.3455 0.3718
0.1962 0.0668 0.3670 0.3700

MOTIF filter7
letter-probability matrix: alength= 4 w= 7 nsites= 8724
0.2264 0.2869 0.4143 0.0724
0.3273 0.1069 0.4740 0.0918
0.3822 0.1384 0.4003 0.0791
0.3732 0.2865 0.1997 0.1406
0.2823 0.3250 0.1187 0.2739
0.0911 0.3493 0.2852 0.2744
0.1185 0.2372 0.3670 0.2774

MOTIF filter8
letter-probability matrix: alength= 4 w= 7 nsites= 10846
0.3321 0.0959 0.1694 0.4027
0.5277 0.1415 0.1437 0.1871
0.5567 0.0767 0.1120 0.2547
0.4084 0.2260 0.0659 0.2997
0.2961 0.2143 0.1150 0.3746
0.4015 0.2184 0.1985 0.1816
0.3648 0.1086 0.3557 0.1710

MOTIF filter9
letter-probability matrix: alength= 4 w= 7 nsites= 12671
0.1303 0.1359 0.5759 0.1579
0.1331 0.1361 0.4855 0.2453
0.0942 0.1315 0.5320 0.2423
0.0918 0.1602 0.5135 0.2345
0.1995 0.2495 0.4682 0.0828
0.3719 0.2207 0.3121 0.0953
0.4123 0.1870 0.2456 0.1551

MOTIF filter10
letter-probability matrix: alength= 4 w= 7 nsites= 19646
0.2927 0.3751 0.2032 0.1291
0.2376 0.4201 0.2721 0.0702
0.1988 0.3999 0.2818 0.1195
0.1759 0.5361 0.1345 0.1535
0.2713 0.3814 0.0511 0.2962
0.2852 0.3736 0.0717 0.2695
0.2820 0.3225 0.0938 0.3017

MOTIF filter11
letter-probability matrix: alength= 4 w= 7 nsites= 47929
0.4734 0.2641 0.0446 0.2179
0.3282 0.1464 0.3578 0.1677
0.2796 0.1371 0.3520 0.2313
0.1948 0.1882 0.4102 0.2068
0.2852 0.2481 0.1427 0.3240
0.2580 0.1999 0.2389 0.3032
0.2952 0.1853 0.1858 0.3337

MOTIF filter12
letter-probability matrix: alength= 4 w= 7 nsites= 11637
0.1421 0.2318 0.4476 0.1786
0.1740 0.3189 0.3332 0.1739
0.1851 0.2968 0.3786 0.1395
0.1626 0.2593 0.4491 0.1290
0.1969 0.1488 0.4426 0.2118
0.2133 0.1691 0.3988 0.2187
0.2339 0.1764 0.3270 0.2627

MOTIF filter13
letter-probability matrix: alength= 4 w= 7 nsites= 16963
0.4530 0.1952 0.2335 0.1183
0.5666 0.1324 0.2007 0.1002
0.4558 0.1519 0.1300 0.2622
0.4933 0.1049 0.0558 0.3460
0.2464 0.3088 0.0535 0.3913
0.3048 0.2953 0.0206 0.3793
0.1694 0.2859 0.0268 0.5179

MOTIF filter14
letter-probability matrix: alength= 4 w= 7 nsites= 13780
0.3284 0.2770 0.0355 0.3591
0.2459 0.2659 0.1898 0.2984
0.3500 0.1624 0.2211 0.2665
0.4227 0.1396 0.3162 0.1215
0.4152 0.0222 0.4423 0.1204
0.2988 0.1535 0.4228 0.1249
0.3265 0.2245 0.3239 0.1251

MOTIF filter15
letter-probability matrix: alength= 4 w= 7 nsites= 12052
0.0528 0.4979 0.1794 0.2698
0.0484 0.3816 0.2768 0.2932
0.0426 0.2877 0.3246 0.3452
0.0202 0.5097 0.3035 0.1666
0.0525 0.5066 0.1435 0.2974
0.1141 0.5100 0.0693 0.3066
0.1340 0.2997 0.2256 0.3407

