MEME version 4

ALPHABET= ACGU

Background letter frequencies:
A 0.2529 C 0.2146 G 0.2136 U 0.3190

MOTIF filter0
letter-probability matrix: alength= 4 w= 7 nsites= 72285
0.0457 0.0903 0.1850 0.6790
0.0175 0.2447 0.2266 0.5112
0.3061 0.2263 0.4233 0.0442
0.1189 0.0350 0.3125 0.5337
0.3876 0.1452 0.1889 0.2783
0.3513 0.5018 0.0636 0.0833
0.0380 0.0370 0.1913 0.7337

MOTIF filter1
letter-probability matrix: alength= 4 w= 7 nsites= 73703
0.5148 0.2871 0.1955 0.0027
0.2977 0.2693 0.2161 0.2169
0.0702 0.0024 0.0297 0.8977
0.1391 0.0206 0.3021 0.5383
0.6649 0.0344 0.0695 0.2313
0.2048 0.1098 0.1288 0.5565
0.5723 0.1135 0.2962 0.0179

MOTIF filter2
letter-probability matrix: alength= 4 w= 7 nsites= 63474
0.3322 0.0594 0.4075 0.2009
0.5423 0.1044 0.1904 0.1628
0.1369 0.0311 0.7836 0.0484
0.5816 0.2706 0.0818 0.0659
0.1479 0.0913 0.0658 0.6950
0.4693 0.0087 0.2656 0.2564
0.4482 0.2134 0.3018 0.0365

MOTIF filter3
letter-probability matrix: alength= 4 w= 7 nsites= 53575
0.1297 0.6752 0.0234 0.1717
0.0518 0.5454 0.2133 0.1896
0.0203 0.3335 0.1770 0.4692
0.0861 0.4557 0.3659 0.0922
0.0635 0.4929 0.0438 0.3999
0.0136 0.3628 0.0172 0.6064
0.1854 0.6989 0.0992 0.0166

MOTIF filter4
letter-probability matrix: alength= 4 w= 7 nsites= 96050
0.2276 0.3312 0.1108 0.3304
0.2406 0.4639 0.2871 0.0084
0.0833 0.1663 0.3124 0.4380
0.0683 0.2648 0.2243 0.4426
0.1868 0.7193 0.0929 0.0011
0.1410 0.0485 0.0065 0.8039
0.0184 0.6618 0.2980 0.0217

MOTIF filter5
letter-probability matrix: alength= 4 w= 7 nsites= 120608
0.4048 0.1510 0.0281 0.4161
0.0317 0.2678 0.4127 0.2878
0.7229 0.0116 0.2431 0.0224
0.0645 0.3081 0.3966 0.2307
0.3700 0.0631 0.1575 0.4094
0.4995 0.0741 0.3247 0.1016
0.3893 0.0492 0.3840 0.1775

MOTIF filter6
letter-probability matrix: alength= 4 w= 7 nsites= 49353
0.5444 0.0695 0.2494 0.1368
0.0504 0.0599 0.8829 0.0068
0.1951 0.4919 0.0530 0.2599
0.1432 0.0993 0.3028 0.4547
0.0168 0.4866 0.4273 0.0692
0.0868 0.5949 0.0700 0.2483
0.0735 0.3607 0.0671 0.4988

MOTIF filter7
letter-probability matrix: alength= 4 w= 7 nsites= 51023
0.0489 0.3189 0.3951 0.2371
0.3337 0.1250 0.3536 0.1877
0.5413 0.1086 0.1863 0.1639
0.1352 0.0742 0.5927 0.1979
0.2462 0.2391 0.1307 0.3840
0.0646 0.0968 0.1339 0.7047
0.0801 0.3238 0.5921 0.0040

MOTIF filter8
letter-probability matrix: alength= 4 w= 7 nsites= 114500
0.4702 0.1797 0.2724 0.0777
0.5192 0.2598 0.0071 0.2140
0.4459 0.1461 0.0762 0.3319
0.4673 0.3173 0.1487 0.0667
0.3371 0.0353 0.0113 0.6163
0.4420 0.1167 0.3298 0.1116
0.6032 0.2695 0.0341 0.0932

MOTIF filter9
letter-probability matrix: alength= 4 w= 7 nsites= 101278
0.0605 0.0181 0.0863 0.8351
0.0341 0.0827 0.0094 0.8738
0.0055 0.0865 0.0388 0.8691
0.1803 0.1061 0.0387 0.6749
0.1076 0.1562 0.1004 0.6359
0.2459 0.1691 0.2529 0.3322
0.1371 0.1855 0.0556 0.6219

MOTIF filter10
letter-probability matrix: alength= 4 w= 7 nsites= 193272
0.4811 0.0515 0.0665 0.4009
0.4984 0.0521 0.4495 0.0000
0.0252 0.0147 0.0088 0.9514
0.3247 0.1478 0.1562 0.3712
0.2213 0.1966 0.1437 0.4385
0.3521 0.3890 0.1777 0.0812
0.3572 0.1924 0.1703 0.2801

MOTIF filter11
letter-probability matrix: alength= 4 w= 7 nsites= 68272
0.2367 0.3625 0.3165 0.0843
0.3223 0.6254 0.0377 0.0146
0.7058 0.1438 0.0070 0.1434
0.0658 0.0429 0.6117 0.2797
0.2698 0.0519 0.0368 0.6415
0.0662 0.0408 0.1193 0.7737
0.2190 0.0369 0.0950 0.6492

MOTIF filter12
letter-probability matrix: alength= 4 w= 7 nsites= 113746
0.2035 0.3013 0.2055 0.2897
0.0334 0.3105 0.4712 0.1849
0.0295 0.6581 0.3120 0.0005
0.1288 0.4928 0.1001 0.2784
0.1084 0.2099 0.2442 0.4375
0.2114 0.0033 0.4389 0.3464
0.0130 0.1388 0.8482 0.0000

MOTIF filter13
letter-probability matrix: alength= 4 w= 7 nsites= 186500
0.0989 0.0209 0.0603 0.8198
0.0236 0.0623 0.0286 0.8855
0.0288 0.0582 0.0149 0.8981
0.0287 0.0754 0.0314 0.8645
0.0940 0.0508 0.1119 0.7432
0.1976 0.0532 0.1171 0.6321
0.1589 0.0789 0.2186 0.5436

MOTIF filter14
letter-probability matrix: alength= 4 w= 7 nsites= 70443
0.6583 0.1198 0.2069 0.0149
0.2300 0.0582 0.3294 0.3824
0.2586 0.2151 0.5194 0.0069
0.2363 0.3084 0.0819 0.3733
0.0723 0.2002 0.4776 0.2499
0.3807 0.0458 0.3467 0.2269
0.0172 0.0908 0.7880 0.1040

MOTIF filter15
letter-probability matrix: alength= 4 w= 7 nsites= 73595
0.2772 0.0189 0.6052 0.0986
0.3976 0.4749 0.0494 0.0782
0.1431 0.2121 0.4552 0.1895
0.4051 0.2273 0.3370 0.0306
0.3108 0.6817 0.0049 0.0026
0.4520 0.3752 0.1029 0.0699
0.2704 0.2886 0.2461 0.1949

