MEME version 4

ALPHABET= ACGU

Background letter frequencies:
A 0.2519 C 0.2148 G 0.2145 U 0.3188

MOTIF filter0
letter-probability matrix: alength= 4 w= 7 nsites= 90140
0.1054 0.0688 0.0404 0.7854
0.0932 0.0269 0.2490 0.6309
0.2332 0.0599 0.3014 0.4054
0.3479 0.1169 0.3177 0.2175
0.4148 0.1978 0.2458 0.1416
0.3903 0.2068 0.3203 0.0827
0.3275 0.3246 0.3102 0.0378

MOTIF filter1
letter-probability matrix: alength= 4 w= 7 nsites= 140925
0.1671 0.1758 0.1759 0.4812
0.2323 0.3004 0.2105 0.2568
0.1570 0.1949 0.1544 0.4938
0.2362 0.1898 0.2639 0.3100
0.1479 0.0837 0.2935 0.4749
0.1502 0.1047 0.3710 0.3742
0.1549 0.1239 0.3225 0.3987

MOTIF filter2
letter-probability matrix: alength= 4 w= 7 nsites= 362633
0.0777 0.0996 0.0633 0.7595
0.0904 0.1112 0.1279 0.6705
0.1406 0.1336 0.1743 0.5515
0.1248 0.1618 0.1629 0.5505
0.1331 0.1576 0.1359 0.5734
0.1760 0.1715 0.0774 0.5751
0.1738 0.1653 0.1154 0.5455

MOTIF filter3
letter-probability matrix: alength= 4 w= 7 nsites= 130885
0.1377 0.3578 0.2810 0.2235
0.1238 0.4371 0.2304 0.2087
0.1846 0.2505 0.3576 0.2073
0.1863 0.3308 0.3651 0.1178
0.2232 0.2483 0.2540 0.2745
0.1704 0.3184 0.1349 0.3763
0.1497 0.1961 0.1227 0.5315

MOTIF filter4
letter-probability matrix: alength= 4 w= 7 nsites= 159966
0.2006 0.1886 0.1501 0.4607
0.2274 0.2175 0.2310 0.3241
0.2849 0.3338 0.2015 0.1799
0.2046 0.2540 0.1827 0.3587
0.3137 0.1901 0.0966 0.3996
0.3990 0.0598 0.1341 0.4070
0.4214 0.1277 0.2799 0.1711

MOTIF filter5
letter-probability matrix: alength= 4 w= 7 nsites= 261911
0.0973 0.0815 0.0233 0.7979
0.2352 0.1380 0.0348 0.5920
0.3089 0.1865 0.1243 0.3803
0.3285 0.2125 0.2361 0.2229
0.3294 0.1679 0.2515 0.2511
0.3027 0.1571 0.2619 0.2784
0.3458 0.0975 0.1811 0.3756

MOTIF filter6
letter-probability matrix: alength= 4 w= 7 nsites= 93375
0.2119 0.1534 0.3827 0.2520
0.3542 0.0821 0.2904 0.2734
0.4213 0.0768 0.3986 0.1033
0.3430 0.0242 0.3887 0.2440
0.2478 0.0560 0.3156 0.3806
0.4006 0.0833 0.1293 0.3869
0.5823 0.0812 0.1017 0.2348

MOTIF filter7
letter-probability matrix: alength= 4 w= 7 nsites= 111728
0.1315 0.5023 0.1395 0.2267
0.2706 0.5240 0.0717 0.1337
0.2398 0.5545 0.0645 0.1412
0.2482 0.4546 0.0507 0.2465
0.1603 0.3685 0.0861 0.3852
0.2471 0.1743 0.1175 0.4610
0.4013 0.1639 0.1473 0.2875

MOTIF filter8
letter-probability matrix: alength= 4 w= 7 nsites= 268621
0.0508 0.0642 0.0529 0.8321
0.0853 0.1324 0.0614 0.7210
0.1775 0.1197 0.0983 0.6045
0.1866 0.1225 0.1457 0.5452
0.2107 0.0475 0.1777 0.5642
0.1419 0.0768 0.1877 0.5936
0.2430 0.0832 0.1546 0.5192

MOTIF filter9
letter-probability matrix: alength= 4 w= 7 nsites= 280984
0.1552 0.1750 0.0785 0.5912
0.0992 0.1775 0.0943 0.6289
0.1431 0.1769 0.2350 0.4451
0.0688 0.1486 0.2535 0.5290
0.0878 0.1249 0.2438 0.5434
0.0963 0.1425 0.1312 0.6300
0.2317 0.1987 0.1259 0.4438

MOTIF filter10
letter-probability matrix: alength= 4 w= 7 nsites= 114902
0.2151 0.3111 0.1705 0.3034
0.1844 0.1891 0.3204 0.3061
0.1000 0.1109 0.3442 0.4450
0.2922 0.1606 0.3813 0.1659
0.3206 0.2279 0.2189 0.2326
0.2866 0.2661 0.1948 0.2525
0.0774 0.4233 0.1895 0.3097

MOTIF filter11
letter-probability matrix: alength= 4 w= 7 nsites= 260859
0.3008 0.1460 0.3675 0.1857
0.4147 0.1095 0.1138 0.3620
0.3581 0.1113 0.0505 0.4802
0.3180 0.0556 0.0747 0.5517
0.2454 0.0893 0.1089 0.5564
0.3110 0.0970 0.0927 0.4993
0.3012 0.1046 0.0770 0.5172

MOTIF filter12
letter-probability matrix: alength= 4 w= 7 nsites= 163331
0.1294 0.4516 0.1042 0.3147
0.1388 0.3625 0.2188 0.2799
0.1101 0.4485 0.1548 0.2866
0.2499 0.3329 0.1848 0.2323
0.2877 0.2588 0.2255 0.2280
0.2922 0.1213 0.3268 0.2597
0.1922 0.1211 0.2933 0.3934

MOTIF filter13
letter-probability matrix: alength= 4 w= 7 nsites= 120304
0.2557 0.1359 0.2955 0.3130
0.2101 0.1496 0.3103 0.3299
0.2130 0.3468 0.3622 0.0780
0.2266 0.4533 0.2110 0.1091
0.1385 0.3524 0.1373 0.3718
0.0837 0.2179 0.2828 0.4156
0.1732 0.1957 0.2900 0.3412

MOTIF filter14
letter-probability matrix: alength= 4 w= 7 nsites= 114189
0.3224 0.0769 0.4464 0.1542
0.1892 0.1190 0.5489 0.1428
0.0905 0.2430 0.4150 0.2514
0.0572 0.4319 0.2591 0.2518
0.1917 0.3970 0.1157 0.2955
0.2251 0.3879 0.1723 0.2147
0.2991 0.1623 0.2803 0.2584

MOTIF filter15
letter-probability matrix: alength= 4 w= 7 nsites= 144669
0.4922 0.1445 0.1825 0.1809
0.5170 0.1571 0.1309 0.1949
0.4477 0.1908 0.1509 0.2106
0.1654 0.3368 0.1475 0.3503
0.0911 0.4537 0.1708 0.2844
0.1485 0.3537 0.2032 0.2947
0.1621 0.2619 0.4086 0.1674

