MEME version 4

ALPHABET= ACGU

Background letter frequencies:
A 0.2523 C 0.2147 G 0.2141 U 0.3190

MOTIF filter0
letter-probability matrix: alength= 4 w= 7 nsites= 67109
0.2338 0.0028 0.2966 0.4668
0.6059 0.0079 0.2282 0.1580
0.6090 0.0106 0.3804 0.0000
0.4828 0.0191 0.3129 0.1852
0.4183 0.0724 0.0235 0.4858
0.1960 0.1219 0.0761 0.6060
0.7951 0.0614 0.0337 0.1098

MOTIF filter2
letter-probability matrix: alength= 4 w= 7 nsites= 46542
0.1079 0.4134 0.0650 0.4137
0.0162 0.7906 0.0090 0.1843
0.0526 0.3063 0.0720 0.5691
0.4228 0.2272 0.0368 0.3133
0.0301 0.3516 0.0486 0.5697
0.1036 0.0533 0.0547 0.7884
0.0727 0.0999 0.2818 0.5455

MOTIF filter3
letter-probability matrix: alength= 4 w= 7 nsites= 253336
0.2648 0.1305 0.1342 0.4705
0.1908 0.0594 0.1350 0.6148
0.2023 0.0915 0.7062 0.0000
0.1254 0.0139 0.3142 0.5466
0.0737 0.1183 0.2632 0.5448
0.3923 0.2102 0.2455 0.1520
0.2428 0.2660 0.2509 0.2403

MOTIF filter4
letter-probability matrix: alength= 4 w= 7 nsites= 60383
0.2946 0.0276 0.3694 0.3083
0.4807 0.1802 0.3371 0.0021
0.0248 0.0098 0.1580 0.8074
0.0459 0.0016 0.2273 0.7252
0.3702 0.0033 0.1465 0.4800
0.1263 0.2173 0.1445 0.5119
0.6196 0.0431 0.1094 0.2279

MOTIF filter5
letter-probability matrix: alength= 4 w= 7 nsites= 49529
0.0259 0.0483 0.1421 0.7837
0.0861 0.2678 0.6461 0.0000
0.0001 0.2162 0.0781 0.7056
0.6263 0.0700 0.0236 0.2801
0.2073 0.1363 0.0964 0.5601
0.2788 0.2620 0.3286 0.1306
0.5630 0.1858 0.0846 0.1667

MOTIF filter6
letter-probability matrix: alength= 4 w= 7 nsites= 77560
0.1891 0.1700 0.5777 0.0632
0.2301 0.5179 0.1797 0.0722
0.3184 0.5692 0.0289 0.0835
0.0975 0.0333 0.0676 0.8016
0.0779 0.1571 0.7630 0.0020
0.1854 0.3698 0.3814 0.0634
0.0654 0.5399 0.3115 0.0832

MOTIF filter7
letter-probability matrix: alength= 4 w= 7 nsites= 48149
0.4257 0.2217 0.2763 0.0763
0.2825 0.2614 0.2550 0.2010
0.7356 0.0181 0.1360 0.1103
0.0770 0.0043 0.6050 0.3137
0.2616 0.0828 0.1460 0.5095
0.2518 0.5356 0.0016 0.2111
0.5694 0.2147 0.0091 0.2068

MOTIF filter8
letter-probability matrix: alength= 4 w= 7 nsites= 169463
0.3422 0.2590 0.1790 0.2197
0.1581 0.4709 0.2697 0.1013
0.0000 0.0475 0.0062 0.9462
0.2218 0.3683 0.4099 0.0000
0.2437 0.1895 0.1161 0.4506
0.2362 0.1286 0.3338 0.3015
0.5537 0.1406 0.1887 0.1170

MOTIF filter9
letter-probability matrix: alength= 4 w= 7 nsites= 100864
0.3226 0.3977 0.2204 0.0593
0.4840 0.0240 0.1062 0.3858
0.0394 0.0081 0.8997 0.0527
0.3071 0.4428 0.1040 0.1462
0.2268 0.2132 0.0480 0.5119
0.0963 0.2709 0.6172 0.0156
0.3301 0.1536 0.2167 0.2996

MOTIF filter10
letter-probability matrix: alength= 4 w= 7 nsites= 77439
0.0424 0.0763 0.0042 0.8770
0.0364 0.0018 0.0070 0.9548
0.0561 0.0004 0.0764 0.8672
0.0218 0.0131 0.0130 0.9520
0.2072 0.0199 0.0398 0.7330
0.1289 0.0872 0.0280 0.7559
0.2663 0.0798 0.1571 0.4968

MOTIF filter11
letter-probability matrix: alength= 4 w= 7 nsites= 90307
0.0015 0.0076 0.0134 0.9774
0.0168 0.0547 0.0036 0.9249
0.0432 0.0723 0.1031 0.7813
0.1166 0.1696 0.1637 0.5501
0.3820 0.1132 0.2664 0.2384
0.3183 0.1468 0.2550 0.2799
0.2709 0.2384 0.2743 0.2164

MOTIF filter12
letter-probability matrix: alength= 4 w= 7 nsites= 31787
0.1202 0.0501 0.0764 0.7534
0.1583 0.2124 0.0493 0.5800
0.1693 0.3698 0.2960 0.1650
0.1126 0.7827 0.0456 0.0591
0.2820 0.2536 0.0009 0.4634
0.0598 0.7729 0.1185 0.0488
0.1919 0.0267 0.0012 0.7802

MOTIF filter13
letter-probability matrix: alength= 4 w= 7 nsites= 65670
0.3098 0.1276 0.2061 0.3565
0.0949 0.1203 0.0318 0.7530
0.0624 0.0259 0.0142 0.8975
0.1261 0.1139 0.0785 0.6815
0.5756 0.1474 0.1402 0.1369
0.3755 0.1483 0.1673 0.3088
0.3685 0.2016 0.0673 0.3625

MOTIF filter14
letter-probability matrix: alength= 4 w= 7 nsites= 59447
0.1096 0.0972 0.2717 0.5215
0.2719 0.4730 0.0740 0.1811
0.3889 0.2724 0.2560 0.0828
0.0129 0.0265 0.4769 0.4836
0.0899 0.1074 0.1263 0.6763
0.1498 0.5218 0.2744 0.0541
0.1054 0.3312 0.2171 0.3464

MOTIF filter15
letter-probability matrix: alength= 4 w= 7 nsites= 75703
0.3910 0.1836 0.4170 0.0084
0.0796 0.7661 0.0942 0.0602
0.6964 0.0776 0.1080 0.1180
0.1080 0.0348 0.5554 0.3019
0.0739 0.3186 0.4408 0.1667
0.1985 0.2540 0.2924 0.2551
0.7371 0.0217 0.1667 0.0745

