MEME version 4

ALPHABET= ACGU

Background letter frequencies:
A 0.2736 C 0.1916 G 0.1938 U 0.3410

MOTIF filter0
letter-probability matrix: alength= 4 w= 7 nsites= 235551
0.2580 0.3880 0.0335 0.3204
0.3064 0.3718 0.0813 0.2405
0.3051 0.2799 0.0622 0.3529
0.2734 0.2857 0.0020 0.4389
0.1499 0.2465 0.3379 0.2657
0.2399 0.2568 0.1959 0.3074
0.2781 0.3437 0.0005 0.3776

MOTIF filter1
letter-probability matrix: alength= 4 w= 7 nsites= 105911
0.3065 0.1953 0.0970 0.4012
0.2588 0.2658 0.0692 0.4062
0.3385 0.2967 0.0076 0.3571
0.3449 0.2697 0.0754 0.3099
0.3719 0.0638 0.1067 0.4576
0.0000 0.0000 1.0000 0.0000
0.3056 0.2220 0.1750 0.2974

MOTIF filter2
letter-probability matrix: alength= 4 w= 7 nsites= 27514
0.1692 0.3962 0.0976 0.3370
0.1080 0.6552 0.1037 0.1331
0.1330 0.6723 0.0247 0.1700
0.0597 0.6013 0.0532 0.2858
0.0203 0.0072 0.0527 0.9198
0.0000 0.0796 0.9131 0.0073
0.1942 0.6055 0.1676 0.0327

MOTIF filter3
letter-probability matrix: alength= 4 w= 7 nsites= 33647
0.0084 0.0163 0.3156 0.6597
0.4019 0.3494 0.0079 0.2408
0.4193 0.1834 0.0560 0.3413
0.1003 0.1097 0.3058 0.4841
0.2966 0.3984 0.0402 0.2648
0.5865 0.1754 0.0146 0.2236
0.5655 0.2615 0.0933 0.0798

MOTIF filter4
letter-probability matrix: alength= 4 w= 7 nsites= 549039
0.2979 0.2431 0.0000 0.4590
0.3137 0.4609 0.0000 0.2253
0.2404 0.2989 0.0506 0.4101
0.3138 0.0960 0.2343 0.3559
0.2097 0.1378 0.2484 0.4041
0.1961 0.2445 0.1810 0.3784
0.2649 0.2110 0.1732 0.3509

MOTIF filter5
letter-probability matrix: alength= 4 w= 7 nsites= 167506
0.2923 0.0800 0.0080 0.6197
0.2327 0.1936 0.0479 0.5258
0.2682 0.1830 0.0197 0.5292
0.1738 0.1269 0.0089 0.6904
0.0165 0.0350 0.0000 0.9485
0.1414 0.1006 0.0000 0.7580
0.3350 0.5414 0.0000 0.1236

MOTIF filter6
letter-probability matrix: alength= 4 w= 7 nsites= 70543
0.1645 0.0207 0.5853 0.2295
0.1771 0.0551 0.6796 0.0882
0.2623 0.0771 0.5717 0.0889
0.1152 0.5449 0.2082 0.1317
0.3600 0.1614 0.1427 0.3360
0.4824 0.2218 0.2424 0.0533
0.3110 0.2796 0.2483 0.1611

MOTIF filter7
letter-probability matrix: alength= 4 w= 7 nsites= 66541
0.5679 0.0826 0.0858 0.2637
0.5179 0.0589 0.2097 0.2136
0.3136 0.3380 0.3187 0.0297
0.2199 0.1078 0.1274 0.5448
0.0005 0.0298 0.0780 0.8918
0.0000 0.0003 0.0003 0.9994
0.0653 0.0038 0.1478 0.7831

MOTIF filter8
letter-probability matrix: alength= 4 w= 7 nsites= 68374
0.0624 0.1096 0.0505 0.7776
0.0724 0.0328 0.0743 0.8205
0.0336 0.0000 0.0444 0.9219
0.0000 0.0000 0.0069 0.9930
0.0024 0.0096 0.0000 0.9880
0.0698 0.0243 0.0000 0.9058
0.3364 0.2307 0.0894 0.3435

MOTIF filter9
letter-probability matrix: alength= 4 w= 7 nsites= 61755
0.2041 0.2101 0.3820 0.2038
0.2103 0.1134 0.5308 0.1456
0.1094 0.1135 0.6377 0.1394
0.2064 0.1686 0.5023 0.1227
0.3760 0.1315 0.2846 0.2079
0.0267 0.0616 0.8912 0.0206
0.2465 0.2772 0.3706 0.1057

MOTIF filter10
letter-probability matrix: alength= 4 w= 7 nsites= 108000
0.4398 0.3613 0.1988 0.0000
0.2865 0.0172 0.0189 0.6775
0.0700 0.0046 0.9103 0.0152
0.0554 0.0899 0.6244 0.2303
0.1613 0.5240 0.1781 0.1366
0.3177 0.0578 0.1005 0.5240
0.0879 0.2998 0.2696 0.3427

MOTIF filter11
letter-probability matrix: alength= 4 w= 7 nsites= 187400
0.2366 0.2516 0.2982 0.2137
0.2024 0.3669 0.1363 0.2944
0.2735 0.2998 0.0780 0.3486
0.1886 0.2891 0.2509 0.2714
0.2498 0.0856 0.2495 0.4151
0.1588 0.3349 0.3335 0.1728
0.3069 0.1212 0.2231 0.3488

MOTIF filter12
letter-probability matrix: alength= 4 w= 7 nsites= 39386
0.8851 0.0066 0.0000 0.1083
0.2770 0.5776 0.1058 0.0396
0.1721 0.2143 0.0026 0.6110
0.1328 0.1510 0.0710 0.6452
0.1727 0.0277 0.0358 0.7637
0.3601 0.1538 0.0629 0.4231
0.2225 0.2129 0.0424 0.5223

MOTIF filter14
letter-probability matrix: alength= 4 w= 7 nsites= 212387
0.5480 0.1634 0.0346 0.2540
0.3869 0.0789 0.1932 0.3410
0.3274 0.0194 0.3236 0.3296
0.2240 0.0747 0.5594 0.1419
0.4062 0.1730 0.0807 0.3401
0.3217 0.1117 0.3224 0.2441
0.2778 0.1467 0.3121 0.2634

MOTIF filter15
letter-probability matrix: alength= 4 w= 7 nsites= 203812
0.2720 0.2023 0.2662 0.2595
0.2629 0.2184 0.2625 0.2562
0.3153 0.0598 0.2878 0.3371
0.0179 0.0095 0.9685 0.0041
0.2925 0.2274 0.2497 0.2304
0.3505 0.0735 0.2601 0.3159
0.0003 0.0000 0.9997 0.0000

