MEME version 4

ALPHABET= ACGU

Background letter frequencies:
A 0.2714 C 0.1934 G 0.1966 U 0.3386

MOTIF filter0
letter-probability matrix: alength= 4 w= 7 nsites= 11854
0.3647 0.2629 0.1403 0.2321
0.3069 0.1230 0.1594 0.4107
0.2793 0.1997 0.2986 0.2224
0.1198 0.2841 0.3032 0.2929
0.1337 0.3957 0.2551 0.2156
0.2123 0.4331 0.1204 0.2341
0.3026 0.4358 0.1078 0.1538

MOTIF filter1
letter-probability matrix: alength= 4 w= 7 nsites= 10588
0.1032 0.3100 0.2560 0.3308
0.1130 0.2798 0.2214 0.3858
0.1133 0.2086 0.2670 0.4112
0.0967 0.0928 0.5212 0.2893
0.0860 0.2347 0.4735 0.2058
0.2972 0.2331 0.2948 0.1748
0.2925 0.2515 0.0283 0.4277

MOTIF filter2
letter-probability matrix: alength= 4 w= 7 nsites= 13098
0.4418 0.0953 0.1088 0.3541
0.4236 0.0546 0.3252 0.1965
0.2984 0.0367 0.5827 0.0822
0.0921 0.0743 0.6075 0.2261
0.2155 0.1055 0.4219 0.2571
0.2835 0.1605 0.2625 0.2935
0.3150 0.2033 0.2496 0.2321

MOTIF filter3
letter-probability matrix: alength= 4 w= 7 nsites= 67362
0.2345 0.1866 0.1296 0.4493
0.2595 0.1697 0.1207 0.4501
0.2323 0.2073 0.1100 0.4504
0.3436 0.2622 0.0000 0.3942
0.3927 0.2152 0.0040 0.3882
0.3766 0.2296 0.0379 0.3560
0.2844 0.1794 0.0683 0.4679

MOTIF filter4
letter-probability matrix: alength= 4 w= 7 nsites= 11439
0.2216 0.2415 0.4134 0.1234
0.3521 0.1134 0.3858 0.1486
0.1991 0.1990 0.4854 0.1165
0.2425 0.2262 0.4037 0.1276
0.1684 0.3161 0.3337 0.1819
0.2720 0.2081 0.2520 0.2678
0.2419 0.1679 0.3140 0.2762

MOTIF filter5
letter-probability matrix: alength= 4 w= 7 nsites= 14004
0.4015 0.0307 0.2224 0.3454
0.3764 0.0355 0.1793 0.4088
0.2365 0.0692 0.2272 0.4671
0.3697 0.0769 0.2433 0.3101
0.3004 0.0686 0.3379 0.2931
0.3065 0.0362 0.4195 0.2379
0.3015 0.0732 0.4736 0.1517

MOTIF filter6
letter-probability matrix: alength= 4 w= 7 nsites= 10160
0.0672 0.1075 0.5590 0.2662
0.0590 0.0681 0.7107 0.1621
0.1949 0.1673 0.5322 0.1057
0.2243 0.1914 0.4628 0.1215
0.4000 0.2391 0.2296 0.1312
0.3571 0.2313 0.2804 0.1311
0.3898 0.3251 0.1811 0.1040

MOTIF filter7
letter-probability matrix: alength= 4 w= 7 nsites= 35608
0.4353 0.2103 0.0000 0.3544
0.4850 0.3099 0.0027 0.2023
0.5371 0.2834 0.0379 0.1416
0.3839 0.2041 0.2074 0.2046
0.3413 0.0976 0.2933 0.2679
0.2694 0.1219 0.3098 0.2989
0.2604 0.1228 0.3123 0.3045

MOTIF filter8
letter-probability matrix: alength= 4 w= 7 nsites= 55391
0.3148 0.2392 0.1488 0.2973
0.4100 0.1809 0.1224 0.2867
0.3058 0.1035 0.4166 0.1741
0.3374 0.1110 0.3851 0.1664
0.2973 0.1782 0.3532 0.1714
0.4270 0.2221 0.0429 0.3080
0.3383 0.1717 0.1497 0.3404

MOTIF filter9
letter-probability matrix: alength= 4 w= 7 nsites= 10025
0.1605 0.4845 0.0908 0.2641
0.1258 0.6582 0.0863 0.1296
0.1327 0.6166 0.1163 0.1344
0.1267 0.4479 0.0805 0.3449
0.0712 0.2974 0.3094 0.3220
0.1652 0.2339 0.3048 0.2960
0.2141 0.3118 0.3756 0.0985

MOTIF filter10
letter-probability matrix: alength= 4 w= 7 nsites= 24237
0.2956 0.1683 0.0954 0.4407
0.2038 0.1429 0.0776 0.5757
0.0601 0.1214 0.1696 0.6488
0.0429 0.0408 0.1573 0.7589
0.0807 0.0182 0.2066 0.6945
0.1656 0.0163 0.2173 0.6008
0.2388 0.0137 0.3575 0.3900

MOTIF filter11
letter-probability matrix: alength= 4 w= 7 nsites= 21527
0.2827 0.0673 0.3916 0.2585
0.3106 0.1281 0.3558 0.2055
0.4437 0.1751 0.0431 0.3381
0.4196 0.1271 0.0518 0.4015
0.3170 0.0904 0.2280 0.3647
0.3089 0.0830 0.2576 0.3505
0.2666 0.1070 0.3874 0.2390

MOTIF filter12
letter-probability matrix: alength= 4 w= 7 nsites= 9427
0.0599 0.2345 0.5409 0.1647
0.0997 0.4238 0.3884 0.0881
0.1513 0.4976 0.1071 0.2440
0.1314 0.4570 0.1152 0.2965
0.0920 0.3396 0.0859 0.4825
0.0522 0.3397 0.2700 0.3381
0.1590 0.2466 0.2638 0.3305

MOTIF filter13
letter-probability matrix: alength= 4 w= 7 nsites= 31820
0.1866 0.1839 0.4404 0.1891
0.2628 0.2631 0.2311 0.2429
0.2849 0.2752 0.2319 0.2080
0.3431 0.2818 0.1753 0.1998
0.3825 0.3078 0.0844 0.2252
0.3712 0.3071 0.0974 0.2243
0.3593 0.3054 0.0346 0.3008

MOTIF filter14
letter-probability matrix: alength= 4 w= 7 nsites= 22221
0.0832 0.1187 0.1828 0.6153
0.0647 0.0475 0.1569 0.7308
0.0879 0.0382 0.0960 0.7779
0.0756 0.0342 0.0603 0.8298
0.1003 0.0534 0.0664 0.7798
0.0813 0.0853 0.2078 0.6256
0.1315 0.1316 0.2129 0.5241

MOTIF filter15
letter-probability matrix: alength= 4 w= 7 nsites= 34028
0.3123 0.1962 0.0157 0.4758
0.3187 0.0952 0.0157 0.5704
0.1352 0.1808 0.0157 0.6683
0.1301 0.1557 0.0033 0.7109
0.1340 0.1994 0.0267 0.6399
0.1752 0.1676 0.0790 0.5782
0.2323 0.1940 0.1099 0.4638

