MEME version 4

ALPHABET= ACGU

Background letter frequencies:
A 0.2733 C 0.1922 G 0.1930 U 0.3414

MOTIF filter0
letter-probability matrix: alength= 4 w= 7 nsites= 288011
0.3601 0.2118 0.0920 0.3361
0.4205 0.0318 0.0889 0.4588
0.0000 0.0000 1.0000 0.0000
0.4276 0.1697 0.0031 0.3996
0.3385 0.1406 0.2434 0.2776
0.3889 0.1316 0.0729 0.4066
0.2963 0.1315 0.3211 0.2510

MOTIF filter1
letter-probability matrix: alength= 4 w= 7 nsites= 90018
0.2773 0.4234 0.2937 0.0056
0.1175 0.1550 0.1269 0.6006
0.3621 0.1321 0.3344 0.1714
0.2061 0.1525 0.4643 0.1772
0.3216 0.1709 0.4386 0.0689
0.1778 0.1013 0.3284 0.3926
0.2000 0.2211 0.3157 0.2632

MOTIF filter2
letter-probability matrix: alength= 4 w= 7 nsites= 219462
0.0000 0.0003 0.9997 0.0000
0.3800 0.2721 0.0402 0.3078
0.2399 0.3528 0.3084 0.0989
0.3195 0.3399 0.1159 0.2247
0.2344 0.3053 0.0000 0.4603
0.3504 0.2676 0.2113 0.1708
0.2506 0.2849 0.1118 0.3527

MOTIF filter3
letter-probability matrix: alength= 4 w= 7 nsites= 98207
0.4844 0.2318 0.2154 0.0684
0.0369 0.6050 0.0274 0.3307
0.0218 0.2187 0.0204 0.7391
0.1990 0.0529 0.0622 0.6858
0.0401 0.2976 0.0516 0.6106
0.1269 0.4756 0.0259 0.3716
0.2015 0.3519 0.0371 0.4095

MOTIF filter4
letter-probability matrix: alength= 4 w= 7 nsites= 360768
0.2379 0.1772 0.1701 0.4148
0.1885 0.2572 0.2042 0.3501
0.5014 0.3430 0.0000 0.1556
0.0316 0.1555 0.0000 0.8129
0.4913 0.3106 0.0000 0.1981
0.1337 0.1410 0.0000 0.7252
0.3270 0.2246 0.0145 0.4340

MOTIF filter5
letter-probability matrix: alength= 4 w= 7 nsites= 169081
0.3599 0.2224 0.1048 0.3129
0.2992 0.3696 0.1335 0.1977
0.3076 0.4121 0.0099 0.2703
0.3944 0.3757 0.0956 0.1343
0.4260 0.0003 0.0494 0.5243
0.0110 0.0227 0.9642 0.0022
0.3661 0.3304 0.2570 0.0465

MOTIF filter6
letter-probability matrix: alength= 4 w= 7 nsites= 83731
0.0914 0.0800 0.7235 0.1051
0.3544 0.5931 0.0399 0.0126
0.4680 0.4216 0.0200 0.0904
0.5513 0.1663 0.0492 0.2332
0.0555 0.0719 0.8526 0.0201
0.2913 0.2425 0.3130 0.1532
0.2870 0.3596 0.1203 0.2332

MOTIF filter7
letter-probability matrix: alength= 4 w= 7 nsites= 145379
0.4771 0.0763 0.0012 0.4453
0.1236 0.3190 0.0009 0.5564
0.3104 0.4554 0.0001 0.2341
0.3737 0.4784 0.0000 0.1479
0.5487 0.0886 0.0020 0.3607
0.3264 0.4859 0.0376 0.1500
0.2524 0.2807 0.1234 0.3435

MOTIF filter8
letter-probability matrix: alength= 4 w= 7 nsites= 265037
0.5267 0.1080 0.1035 0.2618
0.4376 0.0336 0.2249 0.3039
0.1930 0.0088 0.3750 0.4232
0.2026 0.2098 0.0754 0.5123
0.1432 0.1332 0.2173 0.5064
0.1101 0.1317 0.1616 0.5965
0.0959 0.2459 0.1289 0.5294

MOTIF filter9
letter-probability matrix: alength= 4 w= 7 nsites= 79208
0.2575 0.2980 0.2283 0.2161
0.0810 0.3560 0.5279 0.0351
0.1606 0.2506 0.2595 0.3293
0.0391 0.3172 0.0027 0.6410
0.0406 0.1503 0.4183 0.3909
0.0369 0.0951 0.8650 0.0030
0.2233 0.4443 0.1840 0.1485

MOTIF filter10
letter-probability matrix: alength= 4 w= 7 nsites= 160182
0.2914 0.3938 0.0042 0.3107
0.5389 0.1895 0.0001 0.2715
0.3494 0.2228 0.0439 0.3838
0.3140 0.2582 0.0879 0.3399
0.3230 0.2020 0.0558 0.4192
0.2799 0.0516 0.4963 0.1721
0.2568 0.1843 0.4043 0.1546

MOTIF filter11
letter-probability matrix: alength= 4 w= 7 nsites= 86802
0.3648 0.4547 0.0151 0.1655
0.3016 0.2949 0.2091 0.1943
0.0655 0.7072 0.0596 0.1676
0.3474 0.0831 0.0598 0.5097
0.2813 0.5063 0.0592 0.1532
0.5351 0.1851 0.0749 0.2050
0.2991 0.2754 0.1929 0.2326

MOTIF filter12
letter-probability matrix: alength= 4 w= 7 nsites= 129971
0.0652 0.1221 0.0016 0.8111
0.4460 0.2752 0.0504 0.2284
0.0803 0.1465 0.1879 0.5853
0.0509 0.0740 0.0906 0.7846
0.1203 0.1153 0.0133 0.7511
0.1809 0.2861 0.0189 0.5141
0.2683 0.3121 0.0182 0.4014

MOTIF filter13
letter-probability matrix: alength= 4 w= 7 nsites= 98569
0.3456 0.1679 0.0391 0.4475
0.0352 0.1647 0.7779 0.0222
0.2275 0.1265 0.1904 0.4556
0.2721 0.1184 0.0156 0.5940
0.2095 0.0171 0.1115 0.6619
0.0186 0.0848 0.8457 0.0509
0.2024 0.2215 0.2046 0.3715

MOTIF filter14
letter-probability matrix: alength= 4 w= 7 nsites= 257972
0.7162 0.2059 0.0000 0.0779
0.3825 0.3630 0.0994 0.1551
0.2783 0.0847 0.2272 0.4098
0.1829 0.0948 0.1871 0.5352
0.3123 0.1213 0.0603 0.5061
0.3914 0.0935 0.1476 0.3674
0.2928 0.1435 0.1108 0.4530

MOTIF filter15
letter-probability matrix: alength= 4 w= 7 nsites= 158362
0.0406 0.0420 0.1458 0.7715
0.0294 0.0334 0.3761 0.5611
0.1110 0.0208 0.3887 0.4795
0.1058 0.0013 0.4518 0.4411
0.2465 0.1372 0.1421 0.4743
0.2843 0.0712 0.1112 0.5332
0.0147 0.1122 0.7268 0.1463

