MEME version 4

ALPHABET= ACGU

Background letter frequencies:
A 0.2760 C 0.1953 G 0.2028 U 0.3259

MOTIF filter0
letter-probability matrix: alength= 4 w= 7 nsites= 23270
0.1678 0.2488 0.2807 0.3028
0.4220 0.1786 0.0059 0.3935
0.2678 0.0914 0.0036 0.6372
0.0770 0.1239 0.7376 0.0615
0.3610 0.1784 0.1262 0.3345
0.1367 0.0665 0.7313 0.0655
0.5898 0.1775 0.0629 0.1698

MOTIF filter1
letter-probability matrix: alength= 4 w= 7 nsites= 41675
0.3831 0.1940 0.1467 0.2762
0.0352 0.2275 0.2985 0.4388
0.7144 0.1111 0.0949 0.0796
0.3180 0.0299 0.5790 0.0730
0.1697 0.1176 0.0012 0.7115
0.1223 0.4977 0.3798 0.0003
0.2928 0.0836 0.0198 0.6037

MOTIF filter2
letter-probability matrix: alength= 4 w= 7 nsites= 87128
0.0313 0.1251 0.1118 0.7318
0.2056 0.0347 0.0051 0.7547
0.3227 0.0395 0.0000 0.6378
0.1051 0.2660 0.0067 0.6223
0.2898 0.2499 0.0095 0.4508
0.2459 0.2438 0.0188 0.4915
0.3475 0.0726 0.0393 0.5406

MOTIF filter3
letter-probability matrix: alength= 4 w= 7 nsites= 67030
0.1742 0.1076 0.0535 0.6648
0.0000 0.0105 0.9894 0.0001
0.2464 0.1116 0.3066 0.3354
0.1807 0.2956 0.3187 0.2050
0.2741 0.2218 0.1976 0.3065
0.1750 0.3095 0.1094 0.4060
0.2879 0.2145 0.1747 0.3229

MOTIF filter4
letter-probability matrix: alength= 4 w= 7 nsites= 38085
0.0693 0.2494 0.0498 0.6314
0.3829 0.1463 0.3042 0.1666
0.3312 0.0913 0.1266 0.4509
0.0468 0.0120 0.9015 0.0397
0.5286 0.0531 0.2072 0.2111
0.0001 0.0743 0.6105 0.3150
0.1204 0.3463 0.1695 0.3638

MOTIF filter5
letter-probability matrix: alength= 4 w= 7 nsites= 28909
0.1478 0.0334 0.1997 0.6192
0.2014 0.0957 0.2466 0.4563
0.2327 0.3202 0.1528 0.2943
0.2366 0.2284 0.0490 0.4859
0.0896 0.0179 0.0171 0.8754
0.0446 0.7040 0.0000 0.2514
0.6988 0.0662 0.0092 0.2257

MOTIF filter6
letter-probability matrix: alength= 4 w= 7 nsites= 66005
0.2012 0.2348 0.0851 0.4789
0.2975 0.2276 0.0848 0.3902
0.2202 0.1712 0.1204 0.4882
0.2836 0.0186 0.1927 0.5051
0.0000 0.0000 1.0000 0.0000
0.2681 0.1593 0.1978 0.3748
0.3665 0.0597 0.1333 0.4405

MOTIF filter7
letter-probability matrix: alength= 4 w= 7 nsites= 34130
0.5118 0.1335 0.1283 0.2264
0.2786 0.2297 0.3097 0.1820
0.3290 0.1565 0.4378 0.0767
0.2315 0.3993 0.3621 0.0071
0.1430 0.1219 0.3739 0.3613
0.5433 0.2770 0.0826 0.0971
0.2694 0.2343 0.3492 0.1470

MOTIF filter8
letter-probability matrix: alength= 4 w= 7 nsites= 36640
0.3333 0.2400 0.1353 0.2914
0.2756 0.0815 0.1473 0.4956
0.0931 0.3998 0.0513 0.4557
0.1750 0.2345 0.0029 0.5876
0.2508 0.1167 0.0427 0.5898
0.1261 0.5423 0.0505 0.2811
0.2096 0.1713 0.0533 0.5658

MOTIF filter9
letter-probability matrix: alength= 4 w= 7 nsites= 30969
0.2556 0.1454 0.2595 0.3395
0.3686 0.3741 0.1378 0.1194
0.1404 0.7386 0.0682 0.0529
0.1194 0.1476 0.0289 0.7041
0.0237 0.1396 0.2561 0.5805
0.3176 0.1112 0.4606 0.1106
0.2390 0.2137 0.4952 0.0521

MOTIF filter10
letter-probability matrix: alength= 4 w= 7 nsites= 31683
0.0222 0.0810 0.8768 0.0200
0.4415 0.1997 0.0944 0.2645
0.3038 0.1367 0.1340 0.4255
0.2924 0.1417 0.5651 0.0008
0.1062 0.0455 0.1800 0.6683
0.2715 0.1237 0.3205 0.2843
0.3772 0.0717 0.4610 0.0901

MOTIF filter11
letter-probability matrix: alength= 4 w= 7 nsites= 29046
0.4288 0.1715 0.2536 0.1461
0.2217 0.0892 0.6109 0.0782
0.4233 0.0830 0.0056 0.4881
0.0610 0.0545 0.8191 0.0654
0.3142 0.1487 0.0652 0.4720
0.0200 0.1327 0.7450 0.1022
0.3002 0.2115 0.0888 0.3996

MOTIF filter12
letter-probability matrix: alength= 4 w= 7 nsites= 30426
0.1779 0.2561 0.0049 0.5612
0.1760 0.3204 0.2185 0.2851
0.5425 0.1556 0.0508 0.2511
0.2761 0.1044 0.3487 0.2708
0.3310 0.3291 0.1248 0.2151
0.6112 0.2659 0.1228 0.0001
0.0248 0.0013 0.0016 0.9723

MOTIF filter13
letter-probability matrix: alength= 4 w= 7 nsites= 21370
0.5225 0.1834 0.1368 0.1572
0.0340 0.0796 0.1596 0.7268
0.6820 0.1940 0.0913 0.0328
0.3233 0.0861 0.1568 0.4338
0.0231 0.1757 0.0873 0.7139
0.2836 0.2531 0.0783 0.3850
0.7295 0.0322 0.0368 0.2014

MOTIF filter14
letter-probability matrix: alength= 4 w= 7 nsites= 24305
0.1056 0.0853 0.8012 0.0079
0.3940 0.2945 0.0221 0.2894
0.4528 0.0799 0.2172 0.2502
0.1300 0.0485 0.7797 0.0419
0.4904 0.1146 0.2218 0.1732
0.4572 0.0100 0.0866 0.4463
0.1710 0.0295 0.5984 0.2011

MOTIF filter15
letter-probability matrix: alength= 4 w= 7 nsites= 95061
0.3670 0.1714 0.0539 0.4077
0.3172 0.0534 0.1313 0.4981
0.0000 0.0000 1.0000 0.0000
0.3769 0.1923 0.0620 0.3688
0.3921 0.2580 0.0627 0.2872
0.4169 0.2192 0.0549 0.3090
0.3417 0.2395 0.1604 0.2584

