MEME version 4

ALPHABET= ACGU

Background letter frequencies:
A 0.2765 C 0.1960 G 0.2021 U 0.3254

MOTIF filter0
letter-probability matrix: alength= 4 w= 7 nsites= 95449
0.5737 0.1478 0.1200 0.1585
0.3994 0.1672 0.0828 0.3505
0.2403 0.2216 0.0413 0.4969
0.1845 0.1235 0.0288 0.6632
0.2096 0.1144 0.0043 0.6716
0.2635 0.1778 0.0032 0.5555
0.2962 0.2023 0.0073 0.4941

MOTIF filter1
letter-probability matrix: alength= 4 w= 7 nsites= 58078
0.2228 0.2777 0.4050 0.0945
0.2503 0.2453 0.4466 0.0578
0.1507 0.2805 0.4644 0.1043
0.1708 0.2442 0.4330 0.1519
0.2297 0.1666 0.4228 0.1809
0.2160 0.1670 0.4936 0.1234
0.2473 0.1780 0.4709 0.1038

MOTIF filter2
letter-probability matrix: alength= 4 w= 7 nsites= 40457
0.2084 0.0952 0.4389 0.2575
0.0933 0.1909 0.4447 0.2711
0.2026 0.2009 0.2234 0.3731
0.2297 0.2033 0.1613 0.4056
0.4327 0.1114 0.0814 0.3745
0.3269 0.1816 0.1885 0.3031
0.5121 0.1532 0.2141 0.1206

MOTIF filter3
letter-probability matrix: alength= 4 w= 7 nsites= 57877
0.1847 0.2674 0.1154 0.4324
0.2096 0.2326 0.1462 0.4116
0.3182 0.0833 0.1174 0.4811
0.2843 0.0700 0.3430 0.3027
0.2371 0.0717 0.4491 0.2421
0.2045 0.0704 0.5756 0.1495
0.1608 0.0715 0.6098 0.1579

MOTIF filter4
letter-probability matrix: alength= 4 w= 7 nsites= 65397
0.4841 0.0227 0.2828 0.2104
0.4819 0.0355 0.2299 0.2526
0.3789 0.0499 0.3579 0.2134
0.3520 0.0591 0.4607 0.1281
0.3245 0.0472 0.3328 0.2955
0.2860 0.0310 0.3732 0.3099
0.3959 0.0765 0.2091 0.3185

MOTIF filter5
letter-probability matrix: alength= 4 w= 7 nsites= 98392
0.2007 0.0775 0.5592 0.1626
0.2234 0.0890 0.4850 0.2026
0.2231 0.1861 0.4162 0.1746
0.3102 0.2212 0.1701 0.2984
0.2930 0.2122 0.2106 0.2842
0.2716 0.1377 0.2028 0.3878
0.1789 0.1060 0.4445 0.2707

MOTIF filter6
letter-probability matrix: alength= 4 w= 7 nsites= 77237
0.4424 0.1401 0.1422 0.2753
0.4748 0.0994 0.1390 0.2868
0.4190 0.0923 0.2562 0.2325
0.3643 0.1783 0.2576 0.1997
0.2583 0.2201 0.3710 0.1505
0.2730 0.1890 0.2301 0.3079
0.1470 0.0862 0.5396 0.2271

MOTIF filter7
letter-probability matrix: alength= 4 w= 7 nsites= 48873
0.1914 0.0578 0.6952 0.0555
0.2261 0.0945 0.6104 0.0690
0.3072 0.1069 0.4867 0.0993
0.2498 0.0695 0.5453 0.1354
0.2597 0.0629 0.5538 0.1237
0.2432 0.1226 0.5340 0.1002
0.2358 0.2277 0.4621 0.0743

MOTIF filter8
letter-probability matrix: alength= 4 w= 7 nsites= 87748
0.5132 0.1075 0.0184 0.3609
0.3341 0.1233 0.0145 0.5281
0.2232 0.0845 0.3187 0.3736
0.1369 0.0575 0.3973 0.4084
0.2464 0.0268 0.4699 0.2570
0.3373 0.0673 0.2409 0.3545
0.3682 0.1447 0.2475 0.2396

MOTIF filter9
letter-probability matrix: alength= 4 w= 7 nsites= 52148
0.2342 0.5743 0.1066 0.0849
0.2358 0.4454 0.2357 0.0832
0.2187 0.3398 0.2592 0.1823
0.0729 0.3297 0.3265 0.2710
0.0518 0.3978 0.1660 0.3845
0.0394 0.3485 0.1851 0.4270
0.1234 0.4670 0.0658 0.3437

MOTIF filter10
letter-probability matrix: alength= 4 w= 7 nsites= 50753
0.3225 0.1181 0.1105 0.4488
0.4445 0.1409 0.1203 0.2942
0.1933 0.1550 0.1644 0.4873
0.2075 0.2565 0.1009 0.4351
0.1089 0.4076 0.0788 0.4046
0.1779 0.4505 0.0227 0.3489
0.2748 0.4221 0.0195 0.2836

MOTIF filter11
letter-probability matrix: alength= 4 w= 7 nsites= 45189
0.3085 0.2950 0.1117 0.2847
0.2876 0.3113 0.0901 0.3110
0.2981 0.1470 0.0096 0.5453
0.2007 0.1690 0.1395 0.4908
0.2973 0.1803 0.1521 0.3703
0.3432 0.1628 0.2858 0.2082
0.3363 0.1199 0.1934 0.3504

MOTIF filter12
letter-probability matrix: alength= 4 w= 7 nsites= 65368
0.2057 0.3788 0.1249 0.2906
0.2169 0.2490 0.1658 0.3682
0.2981 0.3333 0.1771 0.1915
0.2641 0.3175 0.0883 0.3301
0.3615 0.2662 0.0787 0.2936
0.3315 0.3541 0.0730 0.2414
0.3482 0.4352 0.0573 0.1593

MOTIF filter13
letter-probability matrix: alength= 4 w= 7 nsites= 186131
0.1351 0.1740 0.0790 0.6118
0.2143 0.0756 0.1431 0.5671
0.1593 0.1346 0.1231 0.5830
0.1502 0.1060 0.1209 0.6229
0.1300 0.1487 0.0544 0.6669
0.1833 0.1674 0.0608 0.5884
0.2471 0.2115 0.0542 0.4872

MOTIF filter14
letter-probability matrix: alength= 4 w= 7 nsites= 55187
0.2092 0.3323 0.1819 0.2765
0.1999 0.2612 0.2671 0.2719
0.1295 0.1188 0.5443 0.2075
0.2051 0.1463 0.5538 0.0948
0.2891 0.1803 0.3572 0.1734
0.3181 0.2347 0.2477 0.1994
0.2575 0.1207 0.2427 0.3790

MOTIF filter15
letter-probability matrix: alength= 4 w= 7 nsites= 192582
0.2330 0.1539 0.3069 0.3062
0.2819 0.1536 0.2093 0.3552
0.4031 0.1246 0.1437 0.3286
0.3300 0.0675 0.3684 0.2342
0.2822 0.1299 0.3673 0.2207
0.2000 0.2138 0.3497 0.2365
0.3099 0.2835 0.0374 0.3692

