MEME version 4

ALPHABET= ACGU

Background letter frequencies:
A 0.2768 C 0.1961 G 0.2017 U 0.3254

MOTIF filter0
letter-probability matrix: alength= 4 w= 7 nsites= 31377
0.2586 0.1357 0.0329 0.5728
0.2404 0.1561 0.0261 0.5774
0.2108 0.0908 0.0245 0.6739
0.2538 0.1233 0.0254 0.5976
0.1990 0.2054 0.0135 0.5821
0.2620 0.2045 0.0105 0.5230
0.3036 0.1844 0.0969 0.4151

MOTIF filter1
letter-probability matrix: alength= 4 w= 7 nsites= 14060
0.2115 0.1497 0.2911 0.3478
0.2534 0.1565 0.2030 0.3871
0.3536 0.1100 0.1908 0.3456
0.4358 0.1313 0.2299 0.2030
0.4893 0.0772 0.3045 0.1290
0.3931 0.0626 0.2402 0.3041
0.6005 0.0626 0.0968 0.2400

MOTIF filter2
letter-probability matrix: alength= 4 w= 7 nsites= 7330
0.2648 0.0278 0.2786 0.4288
0.4584 0.0728 0.0503 0.4185
0.5083 0.0957 0.0626 0.3334
0.3980 0.2396 0.0702 0.2922
0.2670 0.2243 0.1234 0.3853
0.1804 0.2299 0.3615 0.2283
0.1361 0.1073 0.3259 0.4307

MOTIF filter3
letter-probability matrix: alength= 4 w= 7 nsites= 13266
0.1923 0.2520 0.2050 0.3507
0.0772 0.2414 0.1358 0.5456
0.0327 0.2701 0.0519 0.6453
0.1546 0.1912 0.0453 0.6089
0.1984 0.1865 0.2447 0.3704
0.2898 0.0467 0.2442 0.4192
0.2505 0.0603 0.2398 0.4494

MOTIF filter4
letter-probability matrix: alength= 4 w= 7 nsites= 21248
0.2367 0.2659 0.1083 0.3891
0.3554 0.1879 0.0798 0.3769
0.2268 0.1648 0.1786 0.4298
0.3473 0.1511 0.1558 0.3458
0.1748 0.2355 0.1299 0.4599
0.2528 0.2915 0.0201 0.4356
0.3622 0.1872 0.0110 0.4396

MOTIF filter5
letter-probability matrix: alength= 4 w= 7 nsites= 15343
0.4563 0.1374 0.0953 0.3110
0.4476 0.2016 0.0568 0.2940
0.4781 0.2024 0.0742 0.2453
0.3743 0.2068 0.2316 0.1873
0.4081 0.1330 0.2134 0.2455
0.2358 0.0960 0.4965 0.1717
0.3752 0.0415 0.4035 0.1798

MOTIF filter6
letter-probability matrix: alength= 4 w= 7 nsites= 11747
0.3484 0.1174 0.4339 0.1003
0.3163 0.0396 0.5097 0.1345
0.1946 0.0471 0.6674 0.0909
0.1626 0.1774 0.5620 0.0979
0.3957 0.1793 0.3910 0.0340
0.5351 0.2007 0.1845 0.0797
0.5560 0.0635 0.2756 0.1048

MOTIF filter7
letter-probability matrix: alength= 4 w= 7 nsites= 24840
0.1845 0.3382 0.0623 0.4151
0.1302 0.2041 0.3747 0.2910
0.2066 0.0499 0.3745 0.3690
0.1720 0.0729 0.5550 0.2001
0.2568 0.1485 0.2863 0.3083
0.2006 0.2058 0.3483 0.2454
0.2419 0.1996 0.2585 0.3000

MOTIF filter8
letter-probability matrix: alength= 4 w= 7 nsites= 14340
0.1448 0.1596 0.2401 0.4555
0.1732 0.1357 0.2595 0.4316
0.1557 0.1220 0.1687 0.5536
0.1201 0.0551 0.3715 0.4533
0.1023 0.2243 0.3481 0.3253
0.2378 0.2543 0.3528 0.1552
0.3318 0.3569 0.0287 0.2826

MOTIF filter9
letter-probability matrix: alength= 4 w= 7 nsites= 9679
0.4309 0.0889 0.1068 0.3734
0.3887 0.0308 0.0737 0.5068
0.1682 0.0128 0.2996 0.5194
0.3222 0.0270 0.2551 0.3957
0.3685 0.1067 0.3071 0.2177
0.4006 0.1918 0.1358 0.2718
0.2809 0.3800 0.1575 0.1816

MOTIF filter10
letter-probability matrix: alength= 4 w= 7 nsites= 14044
0.2857 0.3679 0.1856 0.1608
0.2481 0.3221 0.1749 0.2548
0.1609 0.3547 0.1547 0.3297
0.1722 0.3718 0.0841 0.3719
0.2531 0.3222 0.1008 0.3240
0.3782 0.1943 0.1259 0.3016
0.3182 0.0474 0.3851 0.2493

MOTIF filter11
letter-probability matrix: alength= 4 w= 7 nsites= 25307
0.1586 0.1297 0.0064 0.7053
0.0964 0.0949 0.0012 0.8074
0.1297 0.1938 0.0125 0.6639
0.2178 0.2011 0.0532 0.5279
0.2227 0.2524 0.0905 0.4344
0.2220 0.1722 0.0995 0.5064
0.1245 0.2755 0.0824 0.5176

MOTIF filter12
letter-probability matrix: alength= 4 w= 7 nsites= 11596
0.2768 0.0458 0.4858 0.1916
0.1802 0.2172 0.5202 0.0824
0.0859 0.2415 0.4048 0.2678
0.0857 0.2781 0.2889 0.3473
0.0675 0.1717 0.3632 0.3976
0.1062 0.1940 0.4960 0.2038
0.1199 0.3119 0.3668 0.2014

MOTIF filter13
letter-probability matrix: alength= 4 w= 7 nsites= 12737
0.4018 0.2346 0.0545 0.3091
0.2483 0.2268 0.0224 0.5025
0.1235 0.2107 0.3097 0.3560
0.1191 0.0655 0.3600 0.4555
0.1320 0.1179 0.4279 0.3222
0.2760 0.1201 0.1883 0.4156
0.3000 0.0995 0.1366 0.4639

MOTIF filter14
letter-probability matrix: alength= 4 w= 7 nsites= 12069
0.5521 0.0172 0.2239 0.2068
0.4140 0.0224 0.3797 0.1839
0.2668 0.0631 0.4180 0.2521
0.2804 0.0909 0.3453 0.2834
0.3637 0.1014 0.1931 0.3418
0.2585 0.0965 0.1634 0.4816
0.1971 0.1141 0.3109 0.3780

MOTIF filter15
letter-probability matrix: alength= 4 w= 7 nsites= 13231
0.1862 0.3855 0.0115 0.4168
0.2113 0.3933 0.0006 0.3948
0.1776 0.3519 0.1069 0.3636
0.1242 0.3479 0.2415 0.2864
0.0926 0.4162 0.2889 0.2023
0.0909 0.3238 0.2015 0.3838
0.1013 0.3552 0.0744 0.4691

