MEME version 4

ALPHABET= ACGU

Background letter frequencies:
A 0.2457 C 0.2332 G 0.2484 U 0.2727

MOTIF filter0
letter-probability matrix: alength= 4 w= 7 nsites= 34458
0.0954 0.3948 0.1366 0.3732
0.1432 0.3175 0.1224 0.4170
0.0000 0.0115 0.9250 0.0635
0.1152 0.4363 0.0147 0.4338
0.2900 0.2670 0.0127 0.4304
0.3516 0.2338 0.0873 0.3273
0.4000 0.3042 0.0989 0.1969

MOTIF filter1
letter-probability matrix: alength= 4 w= 7 nsites= 39885
0.2158 0.0012 0.0009 0.7821
0.0459 0.1744 0.4745 0.3052
0.6524 0.0989 0.1489 0.0998
0.0597 0.2854 0.2941 0.3607
0.3189 0.1053 0.2482 0.3276
0.0908 0.1966 0.4529 0.2597
0.1646 0.1282 0.5818 0.1254

MOTIF filter2
letter-probability matrix: alength= 4 w= 7 nsites= 31934
0.3723 0.1453 0.1501 0.3322
0.1147 0.2283 0.6306 0.0264
0.4401 0.4406 0.0284 0.0910
0.0374 0.1242 0.7441 0.0943
0.2186 0.2427 0.2012 0.3375
0.1681 0.0658 0.3808 0.3852
0.1829 0.1254 0.2010 0.4907

MOTIF filter3
letter-probability matrix: alength= 4 w= 7 nsites= 46325
0.0222 0.0222 0.5254 0.4302
0.0885 0.1169 0.4238 0.3709
0.0654 0.0160 0.4282 0.4904
0.0774 0.0614 0.3477 0.5136
0.0544 0.0684 0.3092 0.5681
0.0788 0.2505 0.1202 0.5505
0.1244 0.0360 0.0779 0.7617

MOTIF filter4
letter-probability matrix: alength= 4 w= 7 nsites= 30687
0.1851 0.2620 0.4403 0.1125
0.3323 0.4665 0.0927 0.1085
0.0518 0.4375 0.3226 0.1881
0.4126 0.3378 0.1160 0.1337
0.4134 0.2766 0.0248 0.2853
0.0588 0.2810 0.6105 0.0497
0.1989 0.0609 0.5486 0.1917

MOTIF filter5
letter-probability matrix: alength= 4 w= 7 nsites= 24024
0.0471 0.7923 0.1400 0.0206
0.1196 0.2498 0.2036 0.4270
0.1621 0.0890 0.6472 0.1018
0.3731 0.5271 0.0343 0.0655
0.2151 0.6487 0.0204 0.1158
0.0328 0.3150 0.4748 0.1773
0.1031 0.3460 0.4993 0.0516

MOTIF filter6
letter-probability matrix: alength= 4 w= 7 nsites= 44941
0.2563 0.2568 0.4304 0.0564
0.2003 0.2514 0.4460 0.1024
0.5090 0.0535 0.2277 0.2098
0.1622 0.0486 0.4239 0.3652
0.2958 0.0171 0.6449 0.0421
0.6061 0.0174 0.0489 0.3276
0.1723 0.2827 0.3879 0.1570

MOTIF filter7
letter-probability matrix: alength= 4 w= 7 nsites= 53941
0.2615 0.0814 0.0035 0.6535
0.0069 0.3553 0.0010 0.6369
0.2022 0.4012 0.1498 0.2469
0.2535 0.2334 0.3763 0.1369
0.0734 0.2987 0.2646 0.3633
0.2073 0.3440 0.3298 0.1189
0.3376 0.2709 0.1416 0.2499

MOTIF filter8
letter-probability matrix: alength= 4 w= 7 nsites= 25196
0.7959 0.0350 0.0623 0.1069
0.6908 0.0534 0.0784 0.1774
0.2243 0.1758 0.4981 0.1019
0.3494 0.0325 0.0610 0.5571
0.2127 0.0054 0.4444 0.3375
0.5680 0.0795 0.0363 0.3162
0.0903 0.1597 0.0168 0.7332

MOTIF filter9
letter-probability matrix: alength= 4 w= 7 nsites= 21734
0.0857 0.7450 0.0749 0.0944
0.4707 0.3386 0.1551 0.0357
0.2302 0.6504 0.0218 0.0977
0.6099 0.1392 0.2405 0.0104
0.0687 0.0999 0.6755 0.1559
0.1004 0.2881 0.4273 0.1842
0.0506 0.1657 0.2681 0.5155

MOTIF filter10
letter-probability matrix: alength= 4 w= 7 nsites= 24219
0.2478 0.6563 0.0458 0.0502
0.0481 0.0089 0.5743 0.3687
0.4491 0.2409 0.2835 0.0264
0.0985 0.4423 0.1791 0.2801
0.1582 0.1542 0.5583 0.1293
0.1353 0.4570 0.2804 0.1273
0.0135 0.6085 0.1660 0.2119

MOTIF filter11
letter-probability matrix: alength= 4 w= 7 nsites= 26910
0.3541 0.0224 0.4968 0.1266
0.7455 0.0954 0.0461 0.1130
0.4786 0.4358 0.0236 0.0619
0.5989 0.1069 0.0437 0.2505
0.2082 0.1348 0.1547 0.5023
0.5241 0.0271 0.2863 0.1625
0.4228 0.0279 0.5165 0.0328

MOTIF filter12
letter-probability matrix: alength= 4 w= 7 nsites= 36486
0.4111 0.4061 0.0645 0.1183
0.0434 0.2356 0.5891 0.1319
0.2622 0.2183 0.2360 0.2836
0.0308 0.4727 0.3591 0.1374
0.1967 0.2307 0.4100 0.1626
0.1515 0.3415 0.4329 0.0741
0.3263 0.1306 0.4785 0.0647

MOTIF filter13
letter-probability matrix: alength= 4 w= 7 nsites= 18307
0.4298 0.1541 0.3704 0.0457
0.5148 0.1125 0.2311 0.1416
0.0971 0.6185 0.2423 0.0421
0.3770 0.0317 0.3553 0.2361
0.0765 0.2687 0.3126 0.3422
0.1080 0.2998 0.1703 0.4219
0.3756 0.1513 0.1107 0.3625

MOTIF filter14
letter-probability matrix: alength= 4 w= 7 nsites= 48426
0.2063 0.3341 0.1092 0.3504
0.0698 0.3820 0.1148 0.4334
0.0020 0.4808 0.0186 0.4986
0.0204 0.1367 0.2433 0.5997
0.0085 0.0041 0.5072 0.4801
0.2590 0.1492 0.1762 0.4157
0.2459 0.1893 0.0110 0.5538

MOTIF filter15
letter-probability matrix: alength= 4 w= 7 nsites= 23847
0.2978 0.3729 0.0156 0.3137
0.1481 0.2430 0.3750 0.2340
0.6428 0.0836 0.0959 0.1777
0.0934 0.0598 0.6884 0.1584
0.0875 0.2212 0.5022 0.1891
0.0937 0.2192 0.0327 0.6545
0.0512 0.4710 0.2489 0.2290

