MEME version 4

ALPHABET= ACGU

Background letter frequencies:
A 0.2446 C 0.2354 G 0.2493 U 0.2707

MOTIF filter0
letter-probability matrix: alength= 4 w= 7 nsites= 18048
0.3940 0.2766 0.2266 0.1028
0.3287 0.2047 0.2057 0.2609
0.0005 0.8667 0.0837 0.0491
0.4946 0.1371 0.2249 0.1434
0.3713 0.2845 0.1416 0.2025
0.0851 0.4001 0.2163 0.2985
0.2267 0.0211 0.7375 0.0147

MOTIF filter1
letter-probability matrix: alength= 4 w= 7 nsites= 42776
0.3840 0.2292 0.3600 0.0268
0.3412 0.0660 0.3396 0.2532
0.3050 0.3008 0.1043 0.2899
0.1613 0.3469 0.0157 0.4761
0.2513 0.1972 0.0001 0.5514
0.4747 0.4617 0.0068 0.0568
0.1991 0.4364 0.0126 0.3519

MOTIF filter2
letter-probability matrix: alength= 4 w= 7 nsites= 31857
0.4211 0.2992 0.1516 0.1281
0.0618 0.2586 0.5939 0.0857
0.0537 0.5387 0.3998 0.0077
0.0271 0.5323 0.3074 0.1332
0.0760 0.4614 0.0912 0.3714
0.1250 0.0932 0.3768 0.4051
0.0124 0.3122 0.6585 0.0169

MOTIF filter3
letter-probability matrix: alength= 4 w= 7 nsites= 21369
0.4603 0.5125 0.0092 0.0180
0.4959 0.1505 0.2778 0.0758
0.6869 0.2176 0.0524 0.0430
0.1849 0.3015 0.1905 0.3231
0.2636 0.0696 0.5217 0.1451
0.4575 0.1775 0.0950 0.2700
0.2235 0.4414 0.1219 0.2133

MOTIF filter4
letter-probability matrix: alength= 4 w= 7 nsites= 40439
0.6240 0.0444 0.0093 0.3223
0.1030 0.3118 0.3575 0.2278
0.1391 0.6206 0.2135 0.0268
0.2406 0.3569 0.0768 0.3257
0.2639 0.2202 0.2685 0.2474
0.3144 0.5155 0.0855 0.0847
0.1581 0.3630 0.0169 0.4620

MOTIF filter5
letter-probability matrix: alength= 4 w= 7 nsites= 110613
0.4107 0.1189 0.0511 0.4193
0.0000 0.0000 1.0000 0.0000
0.4022 0.2670 0.0000 0.3308
0.3361 0.2456 0.1084 0.3099
0.2361 0.1805 0.2925 0.2908
0.2056 0.2960 0.2776 0.2208
0.3206 0.2544 0.1248 0.3002

MOTIF filter6
letter-probability matrix: alength= 4 w= 7 nsites= 30876
0.0631 0.0688 0.0405 0.8276
0.1637 0.0878 0.0427 0.7058
0.2338 0.2478 0.0671 0.4514
0.1968 0.1172 0.0393 0.6467
0.0569 0.2759 0.1345 0.5327
0.0555 0.0567 0.0543 0.8335
0.1038 0.1331 0.0674 0.6957

MOTIF filter7
letter-probability matrix: alength= 4 w= 7 nsites= 14642
0.2527 0.1628 0.4985 0.0860
0.3897 0.0136 0.4175 0.1792
0.1447 0.1861 0.4223 0.2470
0.2540 0.3053 0.2826 0.1581
0.2628 0.3611 0.2629 0.1131
0.0302 0.2842 0.6053 0.0803
0.3925 0.0495 0.5163 0.0417

MOTIF filter8
letter-probability matrix: alength= 4 w= 7 nsites= 18222
0.4489 0.1534 0.0199 0.3779
0.1365 0.2991 0.0121 0.5524
0.5042 0.0145 0.3791 0.1021
0.1436 0.0008 0.6921 0.1634
0.1204 0.1635 0.5246 0.1915
0.6567 0.0785 0.2381 0.0267
0.2785 0.0453 0.3708 0.3054

MOTIF filter9
letter-probability matrix: alength= 4 w= 7 nsites= 32342
0.0301 0.2325 0.6702 0.0672
0.0683 0.1030 0.7455 0.0833
0.2804 0.1618 0.4731 0.0847
0.0441 0.1045 0.7244 0.1270
0.1744 0.1564 0.6086 0.0607
0.1127 0.0945 0.5636 0.2292
0.1704 0.2321 0.4213 0.1762

MOTIF filter10
letter-probability matrix: alength= 4 w= 7 nsites= 17624
0.0052 0.6739 0.0001 0.3209
0.1612 0.3042 0.4475 0.0871
0.2351 0.4143 0.1604 0.1902
0.1194 0.1410 0.0425 0.6971
0.2379 0.0627 0.3235 0.3760
0.4715 0.1001 0.2165 0.2119
0.4244 0.1289 0.3667 0.0800

MOTIF filter11
letter-probability matrix: alength= 4 w= 7 nsites= 34912
0.0721 0.0820 0.7253 0.1205
0.2420 0.2909 0.1565 0.3107
0.2505 0.2113 0.1426 0.3955
0.1040 0.1940 0.2940 0.4080
0.1548 0.0763 0.5973 0.1716
0.4051 0.1135 0.1391 0.3423
0.1035 0.1383 0.6433 0.1148

MOTIF filter12
letter-probability matrix: alength= 4 w= 7 nsites= 44590
0.4839 0.0304 0.1674 0.3182
0.3568 0.1376 0.1552 0.3503
0.3130 0.0410 0.1584 0.4876
0.4966 0.1707 0.2255 0.1072
0.9908 0.0034 0.0015 0.0043
0.3488 0.1632 0.4072 0.0808
0.6122 0.0166 0.1512 0.2201

MOTIF filter13
letter-probability matrix: alength= 4 w= 7 nsites= 19039
0.7313 0.0178 0.2093 0.0416
0.0297 0.4579 0.2955 0.2168
0.4312 0.0148 0.2510 0.3031
0.2640 0.3261 0.2871 0.1229
0.1085 0.0610 0.0711 0.7593
0.0264 0.6376 0.2275 0.1085
0.6748 0.1153 0.0524 0.1575

MOTIF filter14
letter-probability matrix: alength= 4 w= 7 nsites= 30179
0.0134 0.0310 0.9547 0.0009
0.2814 0.4091 0.1412 0.1684
0.1498 0.4585 0.1707 0.2210
0.3030 0.4396 0.0090 0.2484
0.2219 0.2468 0.4132 0.1180
0.4456 0.1167 0.2731 0.1646
0.2145 0.1770 0.4658 0.1427

MOTIF filter15
letter-probability matrix: alength= 4 w= 7 nsites= 22755
0.0961 0.3404 0.0061 0.5574
0.0042 0.9454 0.0011 0.0493
0.2408 0.3099 0.1432 0.3061
0.2494 0.0701 0.1272 0.5534
0.0548 0.8010 0.1350 0.0092
0.2361 0.1790 0.2541 0.3308
0.3653 0.1024 0.3032 0.2291

