MEME version 4

ALPHABET= ACGU

Background letter frequencies:
A 0.2448 C 0.2346 G 0.2479 U 0.2726

MOTIF filter0
letter-probability matrix: alength= 4 w= 7 nsites= 51080
0.1862 0.4285 0.2079 0.1774
0.2031 0.3326 0.3210 0.1433
0.3533 0.2535 0.2573 0.1359
0.4265 0.2004 0.2173 0.1558
0.4211 0.0766 0.3226 0.1797
0.2402 0.0483 0.4473 0.2642
0.2813 0.0832 0.4550 0.1805

MOTIF filter1
letter-probability matrix: alength= 4 w= 7 nsites= 25388
0.0822 0.4659 0.1750 0.2769
0.0820 0.2974 0.3459 0.2747
0.0280 0.4700 0.3953 0.1066
0.2316 0.2862 0.3552 0.1270
0.2265 0.2797 0.3922 0.1016
0.3247 0.0990 0.5038 0.0724
0.1308 0.2758 0.4635 0.1299

MOTIF filter2
letter-probability matrix: alength= 4 w= 7 nsites= 23799
0.1247 0.3652 0.2382 0.2719
0.1525 0.1913 0.3771 0.2792
0.2098 0.0735 0.4344 0.2823
0.4141 0.0802 0.3819 0.1237
0.4152 0.2290 0.2213 0.1345
0.3726 0.2466 0.2861 0.0947
0.3529 0.2345 0.2757 0.1369

MOTIF filter3
letter-probability matrix: alength= 4 w= 7 nsites= 37128
0.2705 0.3233 0.1208 0.2854
0.2283 0.5321 0.0893 0.1502
0.3447 0.3854 0.0372 0.2327
0.1968 0.3064 0.1220 0.3748
0.2964 0.0836 0.1478 0.4722
0.1430 0.0580 0.4430 0.3561
0.1962 0.0895 0.4319 0.2824

MOTIF filter4
letter-probability matrix: alength= 4 w= 7 nsites= 43100
0.2944 0.4745 0.1212 0.1098
0.4476 0.2933 0.1591 0.1000
0.4957 0.2461 0.1835 0.0747
0.5182 0.0773 0.3340 0.0705
0.3800 0.2132 0.3192 0.0876
0.2825 0.2374 0.3485 0.1316
0.2858 0.2889 0.2436 0.1817

MOTIF filter5
letter-probability matrix: alength= 4 w= 7 nsites= 54339
0.2045 0.3330 0.1694 0.2931
0.2003 0.2516 0.2628 0.2853
0.2063 0.1511 0.4088 0.2338
0.1195 0.1875 0.4688 0.2242
0.0968 0.0875 0.6157 0.2000
0.1799 0.1039 0.5159 0.2003
0.1249 0.0781 0.6955 0.1016

MOTIF filter6
letter-probability matrix: alength= 4 w= 7 nsites= 79342
0.2808 0.1052 0.3953 0.2187
0.3597 0.1846 0.3210 0.1347
0.3954 0.1637 0.1900 0.2510
0.3092 0.1608 0.3605 0.1694
0.2969 0.0819 0.4601 0.1611
0.2262 0.2605 0.4532 0.0600
0.3139 0.2640 0.3583 0.0638

MOTIF filter7
letter-probability matrix: alength= 4 w= 7 nsites= 84345
0.2477 0.1359 0.3097 0.3067
0.3203 0.1571 0.2109 0.3117
0.3417 0.1252 0.1488 0.3843
0.2243 0.0581 0.4134 0.3041
0.2759 0.0810 0.3674 0.2757
0.3749 0.1672 0.3622 0.0957
0.6298 0.2154 0.0464 0.1084

MOTIF filter8
letter-probability matrix: alength= 4 w= 7 nsites= 106807
0.0631 0.3210 0.4628 0.1531
0.0293 0.4893 0.3717 0.1097
0.0375 0.6410 0.1556 0.1659
0.0986 0.4853 0.1579 0.2583
0.1342 0.2931 0.3025 0.2703
0.1096 0.2307 0.4683 0.1913
0.0853 0.3129 0.4163 0.1856

MOTIF filter9
letter-probability matrix: alength= 4 w= 7 nsites= 119720
0.2496 0.0381 0.2434 0.4689
0.3261 0.0120 0.3579 0.3040
0.4982 0.0078 0.2629 0.2311
0.4552 0.0105 0.2246 0.3097
0.4663 0.0345 0.1364 0.3628
0.3806 0.1221 0.1666 0.3306
0.3951 0.1915 0.1761 0.2373

MOTIF filter10
letter-probability matrix: alength= 4 w= 7 nsites= 47970
0.2340 0.3230 0.0730 0.3701
0.1230 0.2692 0.0848 0.5230
0.1498 0.2202 0.1187 0.5113
0.1813 0.1778 0.1352 0.5057
0.2652 0.2073 0.1548 0.3727
0.2115 0.1883 0.3938 0.2065
0.3165 0.2398 0.3685 0.0752

MOTIF filter11
letter-probability matrix: alength= 4 w= 7 nsites= 83876
0.2368 0.3365 0.2472 0.1795
0.2341 0.2500 0.2365 0.2793
0.1626 0.3493 0.1809 0.3072
0.0750 0.4567 0.1694 0.2989
0.0362 0.5815 0.0935 0.2888
0.1315 0.3782 0.1104 0.3799
0.1757 0.2563 0.1083 0.4597

MOTIF filter12
letter-probability matrix: alength= 4 w= 7 nsites= 65124
0.3701 0.3544 0.1168 0.1587
0.3583 0.2949 0.2049 0.1420
0.5077 0.1771 0.2469 0.0683
0.1901 0.3809 0.3064 0.1226
0.2301 0.3632 0.1954 0.2113
0.1829 0.3466 0.2435 0.2270
0.3123 0.1547 0.3222 0.2109

MOTIF filter13
letter-probability matrix: alength= 4 w= 7 nsites= 57666
0.0966 0.1785 0.2888 0.4360
0.1287 0.1377 0.4845 0.2491
0.2786 0.1407 0.4715 0.1092
0.3711 0.1560 0.4454 0.0275
0.4862 0.1243 0.2571 0.1325
0.3864 0.1797 0.1903 0.2436
0.3346 0.2689 0.1132 0.2833

MOTIF filter14
letter-probability matrix: alength= 4 w= 7 nsites= 84600
0.2016 0.1842 0.0119 0.6022
0.2040 0.2017 0.0112 0.5831
0.3081 0.2902 0.0111 0.3906
0.3937 0.2521 0.0166 0.3376
0.5099 0.2560 0.0210 0.2132
0.5591 0.1589 0.0397 0.2423
0.4903 0.2197 0.0809 0.2090

MOTIF filter15
letter-probability matrix: alength= 4 w= 7 nsites= 84064
0.1314 0.2925 0.0596 0.5165
0.1940 0.2110 0.1158 0.4792
0.1682 0.1046 0.3244 0.4027
0.2250 0.1031 0.2987 0.3732
0.2153 0.1598 0.2460 0.3789
0.2103 0.1578 0.0248 0.6070
0.1692 0.0958 0.0314 0.7036

