MEME version 4

ALPHABET= ACGU

Background letter frequencies:
A 0.2694 C 0.2055 G 0.2138 U 0.3114

MOTIF filter0
letter-probability matrix: alength= 4 w= 7 nsites= 28786
0.2379 0.1947 0.1369 0.4306
0.1991 0.2588 0.2105 0.3316
0.2100 0.3081 0.1552 0.3267
0.0593 0.2777 0.1365 0.5265
0.0444 0.1908 0.0363 0.7286
0.0626 0.1838 0.0152 0.7385
0.1005 0.2266 0.0282 0.6446

MOTIF filter1
letter-probability matrix: alength= 4 w= 7 nsites= 7849
0.2335 0.1252 0.4861 0.1552
0.2563 0.0778 0.5696 0.0963
0.2276 0.0605 0.6283 0.0837
0.1627 0.2325 0.5386 0.0661
0.1323 0.2367 0.3024 0.3285
0.1301 0.3485 0.0772 0.4442
0.2183 0.2100 0.0773 0.4945

MOTIF filter2
letter-probability matrix: alength= 4 w= 7 nsites= 12984
0.4687 0.0822 0.2071 0.2419
0.4974 0.0892 0.3109 0.1026
0.3496 0.0542 0.5371 0.0591
0.1638 0.0612 0.4930 0.2820
0.2609 0.0419 0.3826 0.3146
0.3628 0.0796 0.2569 0.3007
0.4202 0.0745 0.3597 0.1455

MOTIF filter3
letter-probability matrix: alength= 4 w= 7 nsites= 24355
0.0389 0.1077 0.0591 0.7943
0.1737 0.0640 0.0741 0.6883
0.2557 0.0966 0.0479 0.5998
0.3127 0.1499 0.1385 0.3989
0.2175 0.1634 0.1539 0.4652
0.1388 0.1594 0.2478 0.4539
0.0913 0.0973 0.2388 0.5726

MOTIF filter4
letter-probability matrix: alength= 4 w= 7 nsites= 28237
0.1656 0.0478 0.0982 0.6883
0.1959 0.1751 0.0029 0.6262
0.3143 0.1538 0.0764 0.4555
0.3525 0.1543 0.0917 0.4015
0.4084 0.0515 0.1140 0.4261
0.4121 0.0771 0.1215 0.3893
0.2900 0.1481 0.1420 0.4199

MOTIF filter5
letter-probability matrix: alength= 4 w= 7 nsites= 14671
0.1449 0.1028 0.6660 0.0863
0.2193 0.2380 0.4470 0.0958
0.1002 0.3548 0.3873 0.1577
0.1565 0.3860 0.2590 0.1985
0.1398 0.2673 0.3909 0.2020
0.1346 0.2553 0.5033 0.1068
0.2223 0.2243 0.4395 0.1139

MOTIF filter6
letter-probability matrix: alength= 4 w= 7 nsites= 12936
0.2988 0.3230 0.1867 0.1915
0.2391 0.3796 0.1876 0.1937
0.2152 0.2827 0.1608 0.3413
0.1196 0.2157 0.4364 0.2284
0.1493 0.2117 0.4019 0.2370
0.2865 0.2488 0.3700 0.0947
0.4547 0.2682 0.1256 0.1515

MOTIF filter7
letter-probability matrix: alength= 4 w= 7 nsites= 23740
0.6610 0.0705 0.0746 0.1939
0.4577 0.1909 0.0824 0.2690
0.3816 0.1549 0.0146 0.4489
0.2321 0.2414 0.0368 0.4898
0.2901 0.1767 0.0334 0.4997
0.3670 0.1910 0.0551 0.3869
0.3994 0.1081 0.0615 0.4310

MOTIF filter8
letter-probability matrix: alength= 4 w= 7 nsites= 15824
0.5804 0.1021 0.2801 0.0373
0.6256 0.0940 0.1661 0.1143
0.5235 0.0562 0.0505 0.3698
0.4184 0.0472 0.1003 0.4341
0.2770 0.0970 0.2072 0.4188
0.4616 0.1543 0.2043 0.1797
0.3315 0.1554 0.2165 0.2967

MOTIF filter9
letter-probability matrix: alength= 4 w= 7 nsites= 13373
0.2856 0.2521 0.2288 0.2335
0.2195 0.3265 0.3592 0.0948
0.2966 0.3759 0.2283 0.0992
0.2098 0.4599 0.2275 0.1029
0.2751 0.3647 0.0333 0.3268
0.2344 0.2320 0.2470 0.2867
0.1841 0.1013 0.4454 0.2692

MOTIF filter10
letter-probability matrix: alength= 4 w= 7 nsites= 21561
0.3402 0.1064 0.1080 0.4455
0.4019 0.1265 0.2339 0.2378
0.3158 0.0787 0.2324 0.3732
0.2077 0.1215 0.3011 0.3696
0.2043 0.1206 0.2416 0.4335
0.2165 0.1507 0.1808 0.4520
0.2389 0.1218 0.1113 0.5280

MOTIF filter11
letter-probability matrix: alength= 4 w= 7 nsites= 8242
0.0660 0.4309 0.3244 0.1788
0.0626 0.5426 0.2003 0.1945
0.0982 0.4292 0.2747 0.1979
0.1277 0.2937 0.3694 0.2092
0.1461 0.3567 0.2953 0.2019
0.1368 0.3950 0.2549 0.2133
0.1376 0.5529 0.1423 0.1672

MOTIF filter12
letter-probability matrix: alength= 4 w= 7 nsites= 12935
0.3096 0.1687 0.2832 0.2385
0.2970 0.1414 0.3692 0.1924
0.4635 0.0534 0.3623 0.1208
0.5067 0.1704 0.2295 0.0934
0.4391 0.4023 0.0287 0.1298
0.1937 0.4691 0.0795 0.2577
0.0992 0.3983 0.0845 0.4180

MOTIF filter13
letter-probability matrix: alength= 4 w= 7 nsites= 21714
0.2814 0.2380 0.1823 0.2983
0.2782 0.2319 0.1960 0.2939
0.1315 0.2699 0.1890 0.4096
0.1292 0.1894 0.1245 0.5570
0.1623 0.1340 0.0492 0.6545
0.1561 0.1458 0.0430 0.6551
0.2585 0.1654 0.0422 0.5339

MOTIF filter14
letter-probability matrix: alength= 4 w= 7 nsites= 31838
0.2346 0.0551 0.0934 0.6169
0.1206 0.0333 0.0745 0.7716
0.2283 0.0255 0.0142 0.7320
0.2052 0.0805 0.0242 0.6901
0.2725 0.1401 0.0581 0.5292
0.2364 0.1983 0.1258 0.4396
0.3104 0.2035 0.1380 0.3481

MOTIF filter15
letter-probability matrix: alength= 4 w= 7 nsites= 10632
0.2404 0.1140 0.3114 0.3341
0.2103 0.1940 0.3716 0.2241
0.0930 0.1931 0.2618 0.4521
0.0848 0.3013 0.3062 0.3076
0.0947 0.2296 0.1566 0.5191
0.1166 0.2205 0.3118 0.3512
0.1240 0.1726 0.2637 0.4396

