MEME version 4

ALPHABET= ACGU

Background letter frequencies:
A 0.2701 C 0.2020 G 0.2111 U 0.3168

MOTIF filter0
letter-probability matrix: alength= 4 w= 7 nsites= 129175
0.3110 0.2644 0.2991 0.1255
0.3257 0.2672 0.2124 0.1947
0.2555 0.2898 0.2296 0.2250
0.2801 0.2447 0.2419 0.2333
0.3676 0.2701 0.0902 0.2721
0.3268 0.1822 0.1798 0.3112
0.3115 0.1042 0.1804 0.4039

MOTIF filter1
letter-probability matrix: alength= 4 w= 7 nsites= 176319
0.4713 0.0881 0.2173 0.2233
0.3490 0.1207 0.3993 0.1310
0.2000 0.1878 0.3266 0.2857
0.3354 0.2124 0.2293 0.2229
0.4847 0.1383 0.1382 0.2387
0.5683 0.0695 0.3037 0.0585
0.4694 0.0783 0.3471 0.1051

MOTIF filter2
letter-probability matrix: alength= 4 w= 7 nsites= 129502
0.2445 0.2755 0.2124 0.2676
0.3112 0.2725 0.3161 0.1002
0.2726 0.3421 0.2874 0.0979
0.1697 0.2681 0.2844 0.2778
0.3441 0.3074 0.1480 0.2005
0.2714 0.3200 0.0781 0.3305
0.3797 0.2658 0.0442 0.3103

MOTIF filter3
letter-probability matrix: alength= 4 w= 7 nsites= 381657
0.2428 0.1572 0.0825 0.5174
0.2477 0.1797 0.1159 0.4567
0.1693 0.1424 0.1061 0.5822
0.2142 0.1109 0.0675 0.6074
0.1752 0.0373 0.0395 0.7480
0.1979 0.0402 0.0501 0.7118
0.1484 0.0874 0.0568 0.7075

MOTIF filter4
letter-probability matrix: alength= 4 w= 7 nsites= 576937
0.1658 0.0990 0.0036 0.7315
0.2238 0.1381 0.0167 0.6214
0.2452 0.1558 0.0458 0.5532
0.2740 0.1632 0.0767 0.4861
0.2799 0.1718 0.0957 0.4526
0.2878 0.1720 0.0995 0.4408
0.3107 0.2009 0.0977 0.3907

MOTIF filter5
letter-probability matrix: alength= 4 w= 7 nsites= 238905
0.2960 0.0567 0.0453 0.6020
0.3374 0.0869 0.1592 0.4166
0.3782 0.0438 0.2557 0.3223
0.2114 0.0814 0.3477 0.3595
0.3005 0.0723 0.2620 0.3652
0.2526 0.1135 0.2187 0.4152
0.2586 0.0864 0.1555 0.4996

MOTIF filter6
letter-probability matrix: alength= 4 w= 7 nsites= 101198
0.1657 0.3589 0.3733 0.1021
0.1267 0.3114 0.4443 0.1177
0.1444 0.3237 0.4455 0.0864
0.3300 0.2049 0.3839 0.0811
0.3655 0.1262 0.4568 0.0514
0.3611 0.0574 0.5298 0.0517
0.1972 0.1359 0.5390 0.1278

MOTIF filter7
letter-probability matrix: alength= 4 w= 7 nsites= 243226
0.4368 0.1079 0.0753 0.3801
0.2951 0.0616 0.0827 0.5606
0.2054 0.0975 0.0404 0.6566
0.3807 0.0773 0.0466 0.4954
0.3852 0.1091 0.1010 0.4046
0.5832 0.0707 0.1526 0.1935
0.4968 0.1131 0.1827 0.2074

MOTIF filter8
letter-probability matrix: alength= 4 w= 7 nsites= 219209
0.1444 0.2670 0.3764 0.2122
0.1184 0.2949 0.2334 0.3533
0.1055 0.3384 0.2384 0.3176
0.2717 0.1841 0.2627 0.2816
0.3309 0.1755 0.4651 0.0285
0.4163 0.2197 0.2958 0.0682
0.3210 0.2746 0.2474 0.1570

MOTIF filter9
letter-probability matrix: alength= 4 w= 7 nsites= 85228
0.3400 0.2729 0.1168 0.2702
0.1899 0.2280 0.2675 0.3146
0.0827 0.0835 0.2597 0.5741
0.3186 0.0471 0.1896 0.4447
0.3340 0.2128 0.0120 0.4412
0.3930 0.2377 0.1302 0.2391
0.1747 0.2377 0.1527 0.4349

MOTIF filter10
letter-probability matrix: alength= 4 w= 7 nsites= 186276
0.1656 0.3535 0.3878 0.0931
0.1053 0.3965 0.1894 0.3088
0.0137 0.3969 0.3189 0.2704
0.0317 0.3822 0.2744 0.3116
0.0711 0.3758 0.3238 0.2293
0.1561 0.3388 0.2506 0.2545
0.1412 0.4404 0.2007 0.2177

MOTIF filter11
letter-probability matrix: alength= 4 w= 7 nsites= 450049
0.3208 0.1326 0.2292 0.3174
0.3351 0.0908 0.2534 0.3206
0.3327 0.1651 0.2374 0.2648
0.1897 0.2576 0.1340 0.4187
0.1312 0.2440 0.0193 0.6056
0.0825 0.1564 0.0030 0.7581
0.1757 0.0971 0.0043 0.7229

MOTIF filter12
letter-probability matrix: alength= 4 w= 7 nsites= 327225
0.3332 0.2121 0.2394 0.2153
0.3571 0.2401 0.1574 0.2455
0.4231 0.2240 0.1357 0.2172
0.4125 0.3586 0.1290 0.0999
0.2801 0.2914 0.0853 0.3432
0.0943 0.2176 0.3614 0.3266
0.1297 0.0983 0.3957 0.3763

MOTIF filter13
letter-probability matrix: alength= 4 w= 7 nsites= 228391
0.1387 0.2501 0.1266 0.4846
0.2986 0.1800 0.1524 0.3690
0.2496 0.2106 0.2382 0.3017
0.2646 0.1712 0.3734 0.1909
0.1332 0.1561 0.4924 0.2183
0.1549 0.1865 0.4291 0.2295
0.1849 0.3102 0.2409 0.2640

MOTIF filter14
letter-probability matrix: alength= 4 w= 7 nsites= 107989
0.2800 0.2016 0.1809 0.3375
0.0629 0.2575 0.3268 0.3528
0.0149 0.1405 0.3271 0.5174
0.2053 0.1467 0.2353 0.4127
0.3070 0.2073 0.0533 0.4324
0.3419 0.3697 0.1166 0.1718
0.1888 0.5438 0.0967 0.1707

MOTIF filter15
letter-probability matrix: alength= 4 w= 7 nsites= 285696
0.6136 0.2086 0.0396 0.1382
0.5234 0.1075 0.2447 0.1244
0.5458 0.0316 0.2865 0.1360
0.4596 0.0793 0.3905 0.0707
0.5837 0.0898 0.2056 0.1209
0.5659 0.1063 0.1769 0.1509
0.5914 0.0725 0.0616 0.2745

