MEME version 4

ALPHABET= ACGU

Background letter frequencies:
A 0.2694 C 0.2021 G 0.2119 U 0.3167

MOTIF filter0
letter-probability matrix: alength= 4 w= 7 nsites= 97291
0.0872 0.0149 0.7686 0.1293
0.2433 0.0155 0.3923 0.3489
0.0168 0.0835 0.6652 0.2345
0.2005 0.2500 0.1407 0.4088
0.0806 0.3342 0.2647 0.3205
0.1778 0.1770 0.1886 0.4566
0.5090 0.2520 0.1033 0.1356

MOTIF filter1
letter-probability matrix: alength= 4 w= 7 nsites= 89510
0.1075 0.1291 0.1028 0.6606
0.0764 0.2357 0.5323 0.1557
0.0224 0.0547 0.0519 0.8710
0.5036 0.0663 0.0424 0.3876
0.6656 0.1020 0.0521 0.1802
0.2082 0.2113 0.2786 0.3019
0.3679 0.1442 0.1429 0.3450

MOTIF filter2
letter-probability matrix: alength= 4 w= 7 nsites= 85188
0.1518 0.0422 0.4698 0.3361
0.2046 0.5311 0.1478 0.1165
0.4852 0.2076 0.0398 0.2675
0.4269 0.2753 0.0938 0.2040
0.4855 0.1215 0.2235 0.1695
0.3097 0.2455 0.3984 0.0464
0.6773 0.1793 0.0250 0.1184

MOTIF filter3
letter-probability matrix: alength= 4 w= 7 nsites= 276930
0.2005 0.1203 0.1584 0.5208
0.2010 0.1921 0.1034 0.5035
0.1617 0.2478 0.0516 0.5389
0.0605 0.1357 0.0404 0.7634
0.0165 0.0678 0.0276 0.8881
0.1044 0.0326 0.0075 0.8555
0.1559 0.1042 0.0230 0.7169

MOTIF filter4
letter-probability matrix: alength= 4 w= 7 nsites= 103473
0.2773 0.0518 0.0025 0.6684
0.0060 0.2773 0.1547 0.5620
0.8470 0.0049 0.0264 0.1217
0.1174 0.0754 0.6436 0.1636
0.1671 0.2051 0.4521 0.1757
0.1817 0.3366 0.0500 0.4317
0.4393 0.1136 0.1217 0.3254

MOTIF filter5
letter-probability matrix: alength= 4 w= 7 nsites= 112691
0.5886 0.0339 0.1247 0.2528
0.2174 0.0842 0.0413 0.6571
0.6426 0.1955 0.0001 0.1619
0.0120 0.0112 0.0624 0.9144
0.4346 0.2205 0.0193 0.3256
0.0349 0.1175 0.2944 0.5531
0.3030 0.2621 0.1604 0.2745

MOTIF filter6
letter-probability matrix: alength= 4 w= 7 nsites= 235778
0.0472 0.2816 0.1082 0.5629
0.2204 0.3245 0.0061 0.4490
0.2731 0.1138 0.1570 0.4562
0.1539 0.0990 0.3421 0.4050
0.3916 0.1027 0.4799 0.0258
0.6350 0.0024 0.0019 0.3607
0.0636 0.1617 0.7482 0.0264

MOTIF filter7
letter-probability matrix: alength= 4 w= 7 nsites= 111831
0.1390 0.0001 0.6861 0.1748
0.2157 0.2715 0.2668 0.2460
0.6338 0.1726 0.1781 0.0155
0.3902 0.1362 0.2134 0.2602
0.2400 0.1479 0.1812 0.4310
0.1015 0.1896 0.4125 0.2963
0.2020 0.3313 0.3434 0.1234

MOTIF filter8
letter-probability matrix: alength= 4 w= 7 nsites= 107878
0.4796 0.1615 0.3390 0.0199
0.1214 0.4349 0.1256 0.3182
0.4146 0.3094 0.1176 0.1584
0.0414 0.0249 0.3648 0.5690
0.0322 0.2037 0.3175 0.4465
0.2927 0.0428 0.0020 0.6626
0.8932 0.0148 0.0562 0.0359

MOTIF filter9
letter-probability matrix: alength= 4 w= 7 nsites= 105847
0.3603 0.5227 0.1129 0.0041
0.0443 0.4669 0.0271 0.4618
0.4996 0.2684 0.0689 0.1632
0.1685 0.0787 0.5632 0.1896
0.0808 0.2186 0.4643 0.2363
0.3059 0.5487 0.1078 0.0376
0.0706 0.5725 0.0248 0.3321

MOTIF filter10
letter-probability matrix: alength= 4 w= 7 nsites= 390453
0.2683 0.1313 0.1477 0.4527
0.1306 0.0750 0.0615 0.7329
0.0000 0.0882 0.0000 0.9118
0.3743 0.0177 0.0000 0.6080
0.0865 0.2695 0.0169 0.6271
0.4709 0.0882 0.1310 0.3099
0.3016 0.0857 0.1628 0.4498

MOTIF filter11
letter-probability matrix: alength= 4 w= 7 nsites= 90960
0.1207 0.1602 0.7005 0.0185
0.1033 0.2194 0.4306 0.2467
0.6044 0.2010 0.1313 0.0633
0.3448 0.1740 0.3126 0.1687
0.5769 0.0833 0.1150 0.2248
0.1868 0.0526 0.0259 0.7346
0.1093 0.0560 0.8128 0.0218

MOTIF filter12
letter-probability matrix: alength= 4 w= 7 nsites= 193971
0.2978 0.2138 0.2488 0.2396
0.4120 0.1444 0.2038 0.2398
0.3934 0.1935 0.1579 0.2552
0.2145 0.0613 0.2567 0.4675
0.0859 0.3938 0.5191 0.0012
0.1962 0.4590 0.2760 0.0688
0.0235 0.4260 0.0917 0.4588

MOTIF filter13
letter-probability matrix: alength= 4 w= 7 nsites= 80878
0.0035 0.3300 0.0006 0.6659
0.0328 0.0057 0.8823 0.0792
0.1604 0.0353 0.7475 0.0568
0.5494 0.3218 0.0095 0.1193
0.2082 0.3400 0.2019 0.2500
0.4462 0.2780 0.0816 0.1941
0.3498 0.1637 0.2215 0.2650

MOTIF filter14
letter-probability matrix: alength= 4 w= 7 nsites= 106800
0.0488 0.0100 0.0409 0.9004
0.4795 0.0104 0.0784 0.4318
0.3916 0.2017 0.1588 0.2479
0.3774 0.1218 0.2993 0.2015
0.4455 0.1279 0.0340 0.3925
0.5017 0.0362 0.3981 0.0641
0.0689 0.1260 0.0262 0.7789

MOTIF filter15
letter-probability matrix: alength= 4 w= 7 nsites= 89026
0.0710 0.3216 0.5633 0.0442
0.5891 0.0321 0.0855 0.2934
0.2231 0.0495 0.1145 0.6130
0.5615 0.0132 0.0323 0.3930
0.1499 0.0693 0.1555 0.6253
0.5901 0.0568 0.0812 0.2720
0.5365 0.1470 0.2518 0.0647

