MEME version 4

ALPHABET= ACGU

Background letter frequencies:
A 0.2705 C 0.2006 G 0.2210 U 0.3079

MOTIF filter0
letter-probability matrix: alength= 4 w= 7 nsites= 92338
0.3083 0.4128 0.2542 0.0247
0.4107 0.0000 0.0004 0.5888
0.0424 0.1864 0.4453 0.3259
0.0106 0.5922 0.0625 0.3348
0.2464 0.0997 0.2938 0.3602
0.1548 0.0290 0.4309 0.3853
0.3690 0.2798 0.0732 0.2780

MOTIF filter1
letter-probability matrix: alength= 4 w= 7 nsites= 65656
0.2292 0.1641 0.5908 0.0159
0.7120 0.1741 0.0006 0.1133
0.5902 0.0234 0.2822 0.1042
0.1404 0.3408 0.4505 0.0684
0.0602 0.6907 0.0569 0.1922
0.3112 0.2939 0.0592 0.3356
0.6471 0.1535 0.1626 0.0368

MOTIF filter2
letter-probability matrix: alength= 4 w= 7 nsites= 45235
0.2106 0.1076 0.1057 0.5760
0.0941 0.0649 0.6013 0.2396
0.4865 0.0043 0.0646 0.4447
0.8117 0.1468 0.0130 0.0286
0.5252 0.2052 0.0246 0.2450
0.0084 0.0673 0.8297 0.0946
0.3737 0.2475 0.1532 0.2256

MOTIF filter3
letter-probability matrix: alength= 4 w= 7 nsites= 31813
0.2488 0.3670 0.1745 0.2097
0.2313 0.1258 0.4055 0.2374
0.0052 0.0661 0.8038 0.1250
0.4845 0.0135 0.4738 0.0283
0.2799 0.2349 0.4673 0.0179
0.3597 0.4425 0.1704 0.0274
0.2264 0.0634 0.1250 0.5853

MOTIF filter4
letter-probability matrix: alength= 4 w= 7 nsites= 73883
0.4009 0.1971 0.2210 0.1810
0.1136 0.2638 0.1206 0.5020
0.2831 0.4009 0.0515 0.2645
0.0001 0.5044 0.0613 0.4342
0.6221 0.1144 0.2544 0.0091
0.3548 0.0458 0.5975 0.0019
0.2232 0.0434 0.5081 0.2253

MOTIF filter5
letter-probability matrix: alength= 4 w= 7 nsites= 63376
0.0179 0.8063 0.1160 0.0597
0.0634 0.5714 0.0098 0.3553
0.1399 0.4211 0.0678 0.3712
0.0779 0.3673 0.2199 0.3349
0.2843 0.2364 0.1411 0.3383
0.0814 0.3126 0.1761 0.4299
0.0031 0.5048 0.0024 0.4896

MOTIF filter6
letter-probability matrix: alength= 4 w= 7 nsites= 254867
0.3470 0.2971 0.0000 0.3560
0.3435 0.2428 0.1398 0.2739
0.3463 0.0449 0.2599 0.3489
0.0000 0.0001 0.9999 0.0000
0.3862 0.2669 0.0000 0.3469
0.3251 0.1702 0.1929 0.3119
0.2915 0.2265 0.1334 0.3486

MOTIF filter7
letter-probability matrix: alength= 4 w= 7 nsites= 99700
0.4573 0.1498 0.2744 0.1185
0.2214 0.1484 0.2351 0.3951
0.1144 0.3095 0.5242 0.0518
0.3730 0.3278 0.0426 0.2566
0.5316 0.0551 0.1355 0.2778
0.0000 0.0012 0.9987 0.0001
0.5865 0.2469 0.0009 0.1658

MOTIF filter8
letter-probability matrix: alength= 4 w= 7 nsites= 283035
0.0000 0.0000 1.0000 0.0000
0.3917 0.2610 0.0003 0.3470
0.2958 0.1354 0.2794 0.2893
0.3155 0.1809 0.2003 0.3034
0.3370 0.2415 0.0000 0.4215
0.2315 0.1879 0.3116 0.2690
0.2435 0.1754 0.2533 0.3277

MOTIF filter9
letter-probability matrix: alength= 4 w= 7 nsites= 64653
0.3448 0.0983 0.0187 0.5383
0.1462 0.6154 0.0083 0.2301
0.2534 0.0734 0.0567 0.6165
0.1034 0.1310 0.6086 0.1569
0.0324 0.2014 0.7118 0.0545
0.5668 0.1620 0.1610 0.1103
0.3063 0.2576 0.3252 0.1109

MOTIF filter10
letter-probability matrix: alength= 4 w= 7 nsites= 27184
0.2419 0.0088 0.0694 0.6800
0.0661 0.0625 0.0093 0.8621
0.0014 0.5684 0.1787 0.2515
0.1188 0.1298 0.5152 0.2361
0.8838 0.0195 0.0928 0.0038
0.1278 0.1935 0.0564 0.6223
0.3461 0.0698 0.2535 0.3306

MOTIF filter11
letter-probability matrix: alength= 4 w= 7 nsites= 385451
0.3236 0.0539 0.2175 0.4050
0.0000 0.0000 1.0000 0.0000
0.3819 0.2720 0.0000 0.3461
0.3774 0.2073 0.0581 0.3571
0.2760 0.1298 0.2853 0.3089
0.2953 0.1926 0.2180 0.2941
0.2844 0.2180 0.1479 0.3498

MOTIF filter12
letter-probability matrix: alength= 4 w= 7 nsites= 38479
0.3499 0.5649 0.0203 0.0649
0.8092 0.0216 0.0222 0.1469
0.0900 0.2990 0.1763 0.4348
0.4762 0.0999 0.4205 0.0035
0.2505 0.0031 0.0058 0.7406
0.0094 0.0220 0.7570 0.2116
0.4813 0.1759 0.0202 0.3226

MOTIF filter13
letter-probability matrix: alength= 4 w= 7 nsites= 62010
0.3895 0.2044 0.3384 0.0677
0.2711 0.6325 0.0803 0.0161
0.0162 0.0019 0.0062 0.9757
0.1901 0.6485 0.1614 0.0000
0.4287 0.2843 0.0799 0.2071
0.1471 0.2879 0.1684 0.3966
0.5646 0.0592 0.1430 0.2332

MOTIF filter14
letter-probability matrix: alength= 4 w= 7 nsites= 106015
0.5175 0.0634 0.0040 0.4152
0.1166 0.0347 0.0546 0.7942
0.4280 0.0985 0.0702 0.4034
0.2703 0.1111 0.1244 0.4941
0.3477 0.1348 0.1152 0.4023
0.0805 0.0166 0.0000 0.9029
0.3714 0.1296 0.1016 0.3974

MOTIF filter15
letter-probability matrix: alength= 4 w= 7 nsites= 155306
0.0000 0.0008 0.9985 0.0006
0.2415 0.0775 0.2517 0.4293
0.3189 0.1963 0.1818 0.3030
0.3251 0.1235 0.1933 0.3580
0.1238 0.1879 0.2781 0.4101
0.1837 0.3402 0.2494 0.2267
0.6331 0.2456 0.0854 0.0359

