MEME version 4

ALPHABET= ACGU

Background letter frequencies:
A 0.2704 C 0.2010 G 0.2205 U 0.3081

MOTIF filter0
letter-probability matrix: alength= 4 w= 7 nsites= 82519
0.1754 0.0856 0.2499 0.4890
0.2471 0.1123 0.2593 0.3813
0.4040 0.2079 0.0588 0.3294
0.3724 0.4128 0.0573 0.1575
0.3517 0.4018 0.0686 0.1778
0.2718 0.4195 0.0856 0.2230
0.2260 0.4123 0.0966 0.2651

MOTIF filter1
letter-probability matrix: alength= 4 w= 7 nsites= 120445
0.2303 0.1376 0.4199 0.2122
0.2747 0.1622 0.4130 0.1501
0.3360 0.1449 0.4708 0.0482
0.1691 0.2890 0.4444 0.0975
0.1843 0.3979 0.3160 0.1018
0.1561 0.3901 0.3417 0.1120
0.2235 0.4237 0.2936 0.0593

MOTIF filter2
letter-probability matrix: alength= 4 w= 7 nsites= 105266
0.2413 0.1610 0.3182 0.2795
0.1891 0.0757 0.5625 0.1727
0.2380 0.2095 0.4189 0.1337
0.0760 0.3692 0.4583 0.0965
0.1487 0.4337 0.2635 0.1542
0.1221 0.3779 0.3823 0.1177
0.1778 0.2279 0.5151 0.0793

MOTIF filter3
letter-probability matrix: alength= 4 w= 7 nsites= 110039
0.2226 0.0413 0.3836 0.3525
0.2148 0.1161 0.1792 0.4899
0.1546 0.3154 0.0958 0.4342
0.0981 0.4818 0.0355 0.3845
0.1360 0.4197 0.0626 0.3817
0.1368 0.2486 0.0599 0.5547
0.1035 0.1201 0.0738 0.7027

MOTIF filter4
letter-probability matrix: alength= 4 w= 7 nsites= 98019
0.3002 0.1954 0.3506 0.1537
0.4129 0.0915 0.3068 0.1888
0.3928 0.0422 0.3588 0.2062
0.2464 0.0147 0.5289 0.2101
0.1480 0.1014 0.5886 0.1620
0.1854 0.1456 0.3857 0.2833
0.2025 0.1455 0.3991 0.2528

MOTIF filter5
letter-probability matrix: alength= 4 w= 7 nsites= 162176
0.3384 0.1549 0.1816 0.3251
0.4251 0.1495 0.1208 0.3046
0.3338 0.1681 0.3492 0.1489
0.4066 0.1653 0.2876 0.1404
0.3923 0.1768 0.3107 0.1202
0.4578 0.1479 0.0950 0.2993
0.2908 0.0550 0.4031 0.2511

MOTIF filter6
letter-probability matrix: alength= 4 w= 7 nsites= 532486
0.3513 0.0923 0.2615 0.2949
0.3242 0.1514 0.2302 0.2942
0.4154 0.1574 0.1610 0.2663
0.4096 0.1572 0.0000 0.4333
0.4148 0.0860 0.0000 0.4992
0.3149 0.1173 0.0068 0.5610
0.3083 0.1614 0.0200 0.5103

MOTIF filter7
letter-probability matrix: alength= 4 w= 7 nsites= 248655
0.2420 0.2599 0.1680 0.3301
0.2574 0.1798 0.2233 0.3395
0.2693 0.1045 0.4256 0.2005
0.1634 0.1236 0.4171 0.2960
0.0445 0.1197 0.3083 0.5275
0.0252 0.1531 0.1266 0.6951
0.1282 0.1150 0.1683 0.5885

MOTIF filter8
letter-probability matrix: alength= 4 w= 7 nsites= 198384
0.1560 0.1482 0.1744 0.5215
0.3617 0.2152 0.0214 0.4017
0.4512 0.1335 0.0294 0.3858
0.5375 0.2375 0.0184 0.2067
0.5355 0.1607 0.0538 0.2499
0.4413 0.1597 0.0914 0.3076
0.3169 0.1055 0.1499 0.4277

MOTIF filter9
letter-probability matrix: alength= 4 w= 7 nsites= 109654
0.2428 0.0547 0.3941 0.3084
0.2041 0.0510 0.4156 0.3292
0.2056 0.1310 0.4558 0.2076
0.3908 0.0913 0.2656 0.2523
0.3260 0.1057 0.2942 0.2741
0.2875 0.1349 0.4066 0.1710
0.2967 0.1810 0.4274 0.0950

MOTIF filter10
letter-probability matrix: alength= 4 w= 7 nsites= 74469
0.3719 0.2176 0.2814 0.1291
0.4016 0.2428 0.2468 0.1088
0.3923 0.2931 0.2162 0.0983
0.2985 0.3161 0.0781 0.3073
0.1445 0.3740 0.0156 0.4659
0.1032 0.2101 0.0098 0.6769
0.1636 0.1915 0.0908 0.5541

MOTIF filter11
letter-probability matrix: alength= 4 w= 7 nsites= 283604
0.1708 0.0729 0.1591 0.5972
0.2644 0.1012 0.1831 0.4513
0.2921 0.1322 0.1848 0.3909
0.2825 0.1090 0.1880 0.4206
0.2184 0.0798 0.1746 0.5272
0.1345 0.0853 0.2824 0.4979
0.1386 0.0572 0.3282 0.4760

MOTIF filter12
letter-probability matrix: alength= 4 w= 7 nsites= 744850
0.2832 0.1102 0.3743 0.2323
0.3062 0.0988 0.3381 0.2570
0.2791 0.1385 0.3506 0.2318
0.3638 0.1913 0.1141 0.3308
0.3215 0.1886 0.1570 0.3329
0.2759 0.2040 0.1733 0.3467
0.2747 0.2148 0.1629 0.3476

MOTIF filter13
letter-probability matrix: alength= 4 w= 7 nsites= 103956
0.0415 0.2371 0.2076 0.5137
0.0290 0.1081 0.3973 0.4657
0.2145 0.0501 0.3835 0.3518
0.4040 0.0787 0.3152 0.2020
0.5905 0.1439 0.0606 0.2050
0.5572 0.1712 0.1245 0.1470
0.4294 0.1355 0.2967 0.1384

MOTIF filter14
letter-probability matrix: alength= 4 w= 7 nsites= 114395
0.2762 0.2371 0.0892 0.3975
0.0835 0.2246 0.3768 0.3151
0.2498 0.2123 0.3385 0.1995
0.2317 0.1765 0.3713 0.2205
0.2533 0.2752 0.1769 0.2946
0.1686 0.2245 0.2647 0.3422
0.1395 0.1810 0.3692 0.3104

MOTIF filter15
letter-probability matrix: alength= 4 w= 7 nsites= 494298
0.2504 0.1301 0.3631 0.2564
0.1922 0.0379 0.6120 0.1579
0.2209 0.1094 0.5293 0.1404
0.2683 0.1607 0.3844 0.1866
0.3555 0.1780 0.2199 0.2466
0.2716 0.1072 0.3536 0.2676
0.2426 0.1123 0.4002 0.2449

