MEME version 4

ALPHABET= ACGU

Background letter frequencies:
A 0.2730 C 0.1984 G 0.2176 U 0.3109

MOTIF filter0
letter-probability matrix: alength= 4 w= 7 nsites= 19136
0.2854 0.1686 0.1870 0.3590
0.2438 0.1454 0.1774 0.4335
0.2885 0.1769 0.1498 0.3849
0.2456 0.1024 0.4204 0.2317
0.1415 0.0711 0.7032 0.0842
0.1454 0.1489 0.6350 0.0708
0.2111 0.2156 0.3815 0.1918

MOTIF filter1
letter-probability matrix: alength= 4 w= 7 nsites= 24129
0.2828 0.1899 0.1988 0.3285
0.2120 0.2088 0.2042 0.3750
0.0464 0.2599 0.2408 0.4529
0.0425 0.2774 0.0944 0.5857
0.0330 0.2742 0.0925 0.6003
0.0367 0.3217 0.0617 0.5799
0.0528 0.3104 0.0593 0.5775

MOTIF filter2
letter-probability matrix: alength= 4 w= 7 nsites= 49285
0.2491 0.1916 0.2199 0.3394
0.2992 0.1841 0.1694 0.3473
0.3123 0.2252 0.1286 0.3338
0.3963 0.1887 0.0008 0.4141
0.4442 0.2327 0.0000 0.3231
0.4223 0.2716 0.0000 0.3060
0.3684 0.2902 0.0047 0.3367

MOTIF filter3
letter-probability matrix: alength= 4 w= 7 nsites= 26389
0.5450 0.1039 0.2940 0.0571
0.6276 0.1643 0.1788 0.0293
0.4353 0.2620 0.1967 0.1060
0.3703 0.3242 0.0509 0.2546
0.3493 0.2295 0.1150 0.3063
0.4262 0.1833 0.1519 0.2387
0.4270 0.1480 0.2577 0.1673

MOTIF filter4
letter-probability matrix: alength= 4 w= 7 nsites= 19711
0.2746 0.1517 0.2535 0.3202
0.2111 0.2021 0.3794 0.2074
0.2988 0.0959 0.2391 0.3663
0.1884 0.0774 0.2976 0.4365
0.2078 0.0281 0.3508 0.4133
0.1260 0.0413 0.4379 0.3947
0.1445 0.0727 0.3757 0.4072

MOTIF filter5
letter-probability matrix: alength= 4 w= 7 nsites= 96537
0.2363 0.0763 0.4376 0.2497
0.2704 0.0830 0.3758 0.2708
0.2766 0.1339 0.3449 0.2445
0.3713 0.1840 0.1015 0.3432
0.3209 0.1710 0.1837 0.3244
0.2750 0.1666 0.2389 0.3194
0.2691 0.1720 0.2377 0.3212

MOTIF filter6
letter-probability matrix: alength= 4 w= 7 nsites= 4817
0.1157 0.5679 0.0840 0.2323
0.1357 0.4947 0.1099 0.2597
0.0867 0.7476 0.1066 0.0591
0.1384 0.5366 0.0467 0.2784
0.1608 0.4325 0.1307 0.2761
0.1786 0.2939 0.1827 0.3447
0.1242 0.3703 0.2006 0.3049

MOTIF filter7
letter-probability matrix: alength= 4 w= 7 nsites= 13967
0.1515 0.1802 0.0743 0.5940
0.1886 0.2040 0.2068 0.4006
0.3782 0.1486 0.2119 0.2613
0.3241 0.1167 0.3778 0.1814
0.3582 0.1676 0.2672 0.2070
0.3603 0.2215 0.2545 0.1637
0.4247 0.2248 0.0311 0.3193

MOTIF filter8
letter-probability matrix: alength= 4 w= 7 nsites= 21819
0.4491 0.0557 0.3878 0.1073
0.5346 0.0988 0.2283 0.1382
0.4821 0.1330 0.2680 0.1169
0.4324 0.1236 0.2939 0.1501
0.4511 0.0905 0.2761 0.1823
0.5903 0.0411 0.2152 0.1533
0.5796 0.1146 0.1498 0.1561

MOTIF filter9
letter-probability matrix: alength= 4 w= 7 nsites= 16536
0.1634 0.0735 0.3164 0.4467
0.2384 0.1044 0.3019 0.3554
0.2956 0.1626 0.0201 0.5216
0.2117 0.1642 0.0496 0.5744
0.1912 0.1589 0.0577 0.5921
0.1666 0.3201 0.0539 0.4594
0.1932 0.3503 0.0301 0.4264

MOTIF filter10
letter-probability matrix: alength= 4 w= 7 nsites= 8525
0.2363 0.0993 0.5500 0.1144
0.1860 0.0643 0.6501 0.0997
0.1178 0.1243 0.6612 0.0967
0.1294 0.2658 0.5370 0.0678
0.1674 0.2999 0.4318 0.1008
0.2345 0.3404 0.3277 0.0974
0.1844 0.2177 0.4739 0.1239

MOTIF filter11
letter-probability matrix: alength= 4 w= 7 nsites= 13342
0.4302 0.3211 0.0790 0.1697
0.3459 0.2236 0.2079 0.2226
0.3771 0.1802 0.2563 0.1863
0.2633 0.3126 0.2535 0.1706
0.2509 0.2386 0.3217 0.1887
0.1421 0.2015 0.4874 0.1690
0.2413 0.0331 0.5835 0.1421

MOTIF filter12
letter-probability matrix: alength= 4 w= 7 nsites= 12623
0.2282 0.0775 0.2871 0.4072
0.3432 0.0552 0.1817 0.4200
0.3889 0.0420 0.2052 0.3639
0.3622 0.0568 0.2474 0.3337
0.4041 0.1114 0.2098 0.2746
0.3746 0.1319 0.1521 0.3413
0.4513 0.1830 0.1812 0.1844

MOTIF filter13
letter-probability matrix: alength= 4 w= 7 nsites= 17271
0.2493 0.1664 0.2013 0.3830
0.1822 0.1691 0.2676 0.3810
0.1363 0.2140 0.3147 0.3350
0.2031 0.1375 0.4080 0.2513
0.3175 0.1066 0.4254 0.1506
0.3656 0.0706 0.3133 0.2505
0.2615 0.1045 0.4415 0.1925

MOTIF filter14
letter-probability matrix: alength= 4 w= 7 nsites= 27367
0.3510 0.1910 0.0211 0.4370
0.5266 0.1229 0.0085 0.3420
0.5764 0.1225 0.0142 0.2869
0.6580 0.0311 0.0141 0.2969
0.5263 0.0336 0.1223 0.3177
0.4543 0.0647 0.1322 0.3488
0.3617 0.1098 0.1500 0.3786

MOTIF filter15
letter-probability matrix: alength= 4 w= 7 nsites= 17730
0.2922 0.2331 0.2870 0.1877
0.1752 0.4495 0.2218 0.1535
0.2377 0.3930 0.1062 0.2631
0.1684 0.2781 0.0080 0.5455
0.1629 0.0504 0.1612 0.6255
0.2021 0.0245 0.2603 0.5130
0.2562 0.0466 0.3510 0.3462

