MEME version 4

ALPHABET= ACGU

Background letter frequencies:
A 0.2703 C 0.2098 G 0.2194 U 0.3004

MOTIF filter0
letter-probability matrix: alength= 4 w= 7 nsites= 72626
0.2120 0.7349 0.0332 0.0199
0.1146 0.7372 0.0695 0.0787
0.2815 0.4804 0.0905 0.1476
0.1693 0.3841 0.1564 0.2902
0.2828 0.2725 0.0352 0.4095
0.0947 0.8405 0.0220 0.0428
0.2377 0.2880 0.1644 0.3099

MOTIF filter1
letter-probability matrix: alength= 4 w= 7 nsites= 134090
0.0071 0.2669 0.1163 0.6097
0.0101 0.2008 0.4715 0.3175
0.0134 0.2844 0.3628 0.3394
0.1400 0.6369 0.0362 0.1870
0.0386 0.3259 0.0047 0.6308
0.0668 0.0691 0.5954 0.2687
0.1523 0.2569 0.4203 0.1705

MOTIF filter2
letter-probability matrix: alength= 4 w= 7 nsites= 147863
0.8382 0.0497 0.1087 0.0035
0.3836 0.2393 0.3347 0.0425
0.7262 0.1046 0.1245 0.0447
0.5096 0.1330 0.1557 0.2016
0.5057 0.1318 0.2754 0.0871
0.2836 0.1796 0.3437 0.1931
0.2652 0.1316 0.2782 0.3251

MOTIF filter3
letter-probability matrix: alength= 4 w= 7 nsites= 612473
0.4470 0.0895 0.0131 0.4504
0.0000 0.0000 1.0000 0.0000
0.2813 0.2075 0.2404 0.2708
0.2942 0.2056 0.2317 0.2684
0.2662 0.1968 0.2503 0.2867
0.2605 0.2363 0.2050 0.2982
0.2651 0.2209 0.2022 0.3117

MOTIF filter4
letter-probability matrix: alength= 4 w= 7 nsites= 51642
0.0173 0.2883 0.6206 0.0738
0.6703 0.0179 0.2635 0.0483
0.7596 0.0826 0.1466 0.0112
0.2770 0.6084 0.0498 0.0647
0.3484 0.1720 0.2963 0.1832
0.3140 0.1773 0.1899 0.3188
0.2110 0.3295 0.2113 0.2482

MOTIF filter5
letter-probability matrix: alength= 4 w= 7 nsites= 96738
0.1402 0.1084 0.0029 0.7486
0.0696 0.0622 0.4909 0.3773
0.1552 0.4060 0.4092 0.0296
0.1821 0.5394 0.1663 0.1121
0.1815 0.0995 0.1960 0.5230
0.3014 0.0771 0.5429 0.0787
0.1846 0.0232 0.6846 0.1077

MOTIF filter6
letter-probability matrix: alength= 4 w= 7 nsites= 55854
0.3746 0.0465 0.3815 0.1973
0.6485 0.2354 0.0670 0.0492
0.0298 0.1380 0.3775 0.4548
0.0399 0.5735 0.0284 0.3581
0.0455 0.1242 0.4685 0.3618
0.2055 0.3277 0.3055 0.1612
0.3499 0.0426 0.3915 0.2160

MOTIF filter7
letter-probability matrix: alength= 4 w= 7 nsites= 121295
0.4019 0.0301 0.0901 0.4779
0.2241 0.0750 0.1398 0.5611
0.5812 0.0032 0.0575 0.3581
0.2509 0.0144 0.7103 0.0244
0.5122 0.0335 0.2249 0.2294
0.3597 0.0888 0.3164 0.2350
0.5065 0.0771 0.1493 0.2672

MOTIF filter8
letter-probability matrix: alength= 4 w= 7 nsites= 81556
0.6182 0.1581 0.0246 0.1990
0.1259 0.3194 0.4405 0.1142
0.0708 0.6177 0.0946 0.2170
0.8765 0.0084 0.0708 0.0443
0.0931 0.2083 0.3660 0.3327
0.1006 0.7330 0.1187 0.0477
0.5073 0.1039 0.0599 0.3289

MOTIF filter9
letter-probability matrix: alength= 4 w= 7 nsites= 72794
0.3985 0.0172 0.1339 0.4504
0.2261 0.1313 0.0388 0.6038
0.6111 0.0808 0.1414 0.1668
0.1496 0.3812 0.0724 0.3968
0.3391 0.1773 0.2636 0.2200
0.1792 0.3512 0.2353 0.2343
0.2258 0.3396 0.1352 0.2994

MOTIF filter10
letter-probability matrix: alength= 4 w= 7 nsites= 217704
0.0066 0.0005 0.2468 0.7461
0.0386 0.2851 0.2331 0.4432
0.2816 0.1858 0.2052 0.3274
0.1332 0.0665 0.2654 0.5349
0.0657 0.2180 0.1771 0.5391
0.1919 0.1806 0.1236 0.5039
0.2233 0.3467 0.0684 0.3617

MOTIF filter11
letter-probability matrix: alength= 4 w= 7 nsites= 212667
0.0917 0.1421 0.0332 0.7331
0.0544 0.0695 0.1143 0.7617
0.1737 0.1706 0.0564 0.5993
0.1765 0.1334 0.0084 0.6818
0.2821 0.0650 0.0410 0.6120
0.3041 0.1075 0.1072 0.4812
0.3646 0.0372 0.0399 0.5583

MOTIF filter12
letter-probability matrix: alength= 4 w= 7 nsites= 271400
0.3154 0.0650 0.0501 0.5695
0.2214 0.1517 0.3865 0.2404
0.2070 0.3346 0.1373 0.3212
0.2870 0.0391 0.3021 0.3718
0.0000 0.0000 1.0000 0.0000
0.5407 0.0957 0.2376 0.1259
0.4297 0.1312 0.2491 0.1901

MOTIF filter13
letter-probability matrix: alength= 4 w= 7 nsites= 117888
0.2805 0.0266 0.6592 0.0337
0.0051 0.3412 0.3106 0.3431
0.0132 0.8658 0.0035 0.1175
0.0793 0.2842 0.1751 0.4614
0.2714 0.6325 0.0715 0.0246
0.1933 0.3170 0.2045 0.2853
0.2325 0.4201 0.2255 0.1219

MOTIF filter14
letter-probability matrix: alength= 4 w= 7 nsites= 71622
0.1252 0.4822 0.2087 0.1838
0.0757 0.3846 0.1730 0.3668
0.0120 0.7644 0.1604 0.0632
0.0733 0.6168 0.1279 0.1820
0.0114 0.5553 0.2120 0.2213
0.1233 0.5468 0.0987 0.2312
0.0713 0.3078 0.5302 0.0907

MOTIF filter15
letter-probability matrix: alength= 4 w= 7 nsites= 92390
0.1887 0.4829 0.1160 0.2124
0.7309 0.0497 0.1249 0.0945
0.0817 0.1748 0.3236 0.4199
0.7921 0.0010 0.2065 0.0003
0.2630 0.5278 0.0282 0.1811
0.0916 0.0443 0.0011 0.8630
0.3467 0.1520 0.2112 0.2901

