MEME version 4

ALPHABET= ACGU

Background letter frequencies:
A 0.2713 C 0.2086 G 0.2183 U 0.3018

MOTIF filter0
letter-probability matrix: alength= 4 w= 7 nsites= 167381
0.2690 0.3618 0.1081 0.2611
0.1245 0.4123 0.1271 0.3361
0.1331 0.5481 0.1287 0.1902
0.0619 0.5074 0.0896 0.3412
0.0724 0.6339 0.0199 0.2738
0.0859 0.5507 0.0457 0.3177
0.1731 0.5437 0.1120 0.1712

MOTIF filter1
letter-probability matrix: alength= 4 w= 7 nsites= 396070
0.3886 0.1947 0.0130 0.4037
0.2600 0.1634 0.1168 0.4598
0.1840 0.1307 0.1216 0.5636
0.1240 0.1709 0.1611 0.5439
0.1200 0.2076 0.0597 0.6126
0.1337 0.1243 0.1555 0.5865
0.0505 0.2157 0.1263 0.6074

MOTIF filter2
letter-probability matrix: alength= 4 w= 7 nsites= 232664
0.0630 0.2943 0.2860 0.3567
0.0573 0.2305 0.2918 0.4203
0.0794 0.0940 0.3719 0.4548
0.0769 0.0845 0.5159 0.3227
0.0625 0.1088 0.4974 0.3314
0.0049 0.2964 0.4092 0.2896
0.0337 0.4156 0.1573 0.3934

MOTIF filter3
letter-probability matrix: alength= 4 w= 7 nsites= 170525
0.0725 0.2136 0.3253 0.3886
0.0637 0.3699 0.2542 0.3122
0.1594 0.2846 0.3030 0.2530
0.1764 0.4639 0.2524 0.1073
0.2108 0.3502 0.2676 0.1715
0.1144 0.3983 0.2542 0.2330
0.1066 0.2253 0.2721 0.3960

MOTIF filter4
letter-probability matrix: alength= 4 w= 7 nsites= 311723
0.1081 0.2031 0.0941 0.5948
0.1443 0.1937 0.1446 0.5174
0.2188 0.1611 0.2229 0.3971
0.2607 0.0963 0.2434 0.3995
0.3262 0.1843 0.1943 0.2952
0.3985 0.1583 0.0475 0.3956
0.4696 0.2112 0.0486 0.2706

MOTIF filter5
letter-probability matrix: alength= 4 w= 7 nsites= 131365
0.2826 0.1247 0.2908 0.3018
0.3355 0.1283 0.4483 0.0880
0.1945 0.2626 0.5004 0.0425
0.1171 0.2097 0.4637 0.2095
0.1419 0.2250 0.4138 0.2193
0.3645 0.1103 0.3158 0.2093
0.3929 0.1776 0.2815 0.1479

MOTIF filter6
letter-probability matrix: alength= 4 w= 7 nsites= 177434
0.3418 0.0382 0.5168 0.1032
0.5000 0.0111 0.4469 0.0420
0.4741 0.1321 0.2738 0.1200
0.4412 0.2292 0.1377 0.1919
0.1794 0.2755 0.1613 0.3838
0.1591 0.1873 0.1911 0.4625
0.2205 0.1273 0.0989 0.5533

MOTIF filter7
letter-probability matrix: alength= 4 w= 7 nsites= 276966
0.2284 0.4070 0.0192 0.3454
0.2444 0.2492 0.0319 0.4745
0.1119 0.3172 0.0500 0.5210
0.2046 0.2644 0.1117 0.4192
0.2713 0.2790 0.1229 0.3268
0.4103 0.2179 0.1779 0.1939
0.4322 0.1768 0.2072 0.1838

MOTIF filter8
letter-probability matrix: alength= 4 w= 7 nsites= 231888
0.1682 0.3254 0.3209 0.1855
0.1192 0.1248 0.4974 0.2586
0.1714 0.0801 0.6177 0.1309
0.1515 0.3093 0.3917 0.1474
0.1988 0.4130 0.2481 0.1401
0.1549 0.4942 0.1500 0.2009
0.1918 0.3363 0.2556 0.2164

MOTIF filter9
letter-probability matrix: alength= 4 w= 7 nsites= 256903
0.1736 0.0868 0.6316 0.1080
0.2470 0.1248 0.4928 0.1354
0.2135 0.1946 0.4812 0.1107
0.2743 0.3187 0.2660 0.1410
0.2759 0.3657 0.1473 0.2111
0.2034 0.3795 0.1861 0.2310
0.1609 0.3535 0.2347 0.2508

MOTIF filter10
letter-probability matrix: alength= 4 w= 7 nsites= 696835
0.1792 0.2410 0.3383 0.2414
0.1600 0.1636 0.4496 0.2268
0.1416 0.2089 0.4979 0.1517
0.2101 0.3366 0.2175 0.2358
0.2085 0.3808 0.1387 0.2721
0.1691 0.3871 0.1556 0.2882
0.1656 0.3881 0.1594 0.2870

MOTIF filter11
letter-probability matrix: alength= 4 w= 7 nsites= 263906
0.2288 0.3229 0.0959 0.3524
0.3907 0.2523 0.0824 0.2746
0.3337 0.1117 0.4015 0.1531
0.3251 0.0427 0.3933 0.2389
0.1361 0.0777 0.4242 0.3619
0.2031 0.0889 0.1085 0.5994
0.1503 0.0786 0.1555 0.6156

MOTIF filter12
letter-probability matrix: alength= 4 w= 7 nsites= 253739
0.1282 0.3011 0.1849 0.3858
0.0705 0.3304 0.2505 0.3486
0.0555 0.2408 0.2523 0.4514
0.0298 0.1772 0.3976 0.3954
0.1771 0.0815 0.3147 0.4268
0.3817 0.1437 0.3268 0.1478
0.4890 0.1596 0.1226 0.2288

MOTIF filter13
letter-probability matrix: alength= 4 w= 7 nsites= 144137
0.3649 0.3239 0.1182 0.1929
0.6303 0.1700 0.1171 0.0825
0.5324 0.1601 0.2071 0.1004
0.7320 0.0328 0.1472 0.0879
0.4883 0.1999 0.2003 0.1116
0.3721 0.2062 0.1418 0.2798
0.1977 0.2898 0.1336 0.3789

MOTIF filter14
letter-probability matrix: alength= 4 w= 7 nsites= 249458
0.1855 0.0468 0.5385 0.2292
0.2898 0.1223 0.4369 0.1510
0.3689 0.1690 0.3591 0.1029
0.4643 0.2195 0.0596 0.2565
0.2791 0.1472 0.3324 0.2413
0.2119 0.1522 0.3677 0.2682
0.1450 0.2167 0.4723 0.1660

MOTIF filter15
letter-probability matrix: alength= 4 w= 7 nsites= 126402
0.2048 0.2706 0.3073 0.2173
0.1296 0.2718 0.1888 0.4097
0.0955 0.4679 0.1487 0.2879
0.2880 0.3150 0.1227 0.2743
0.2568 0.3633 0.1612 0.2187
0.3039 0.1933 0.2358 0.2670
0.2520 0.2385 0.2417 0.2678

