MEME version 4

ALPHABET= ACGU

Background letter frequencies:
A 0.2704 C 0.2101 G 0.2195 U 0.3000

MOTIF filter0
letter-probability matrix: alength= 4 w= 7 nsites= 75179
0.3089 0.0932 0.2699 0.3280
0.1076 0.4107 0.2459 0.2358
0.4146 0.0017 0.2743 0.3093
0.3318 0.2829 0.2961 0.0893
0.0292 0.2442 0.0666 0.6600
0.8881 0.0059 0.0419 0.0641
0.1813 0.6733 0.0012 0.1442

MOTIF filter1
letter-probability matrix: alength= 4 w= 7 nsites= 41854
0.5055 0.0287 0.1172 0.3486
0.9562 0.0007 0.0193 0.0238
0.2003 0.0874 0.7123 0.0000
0.5362 0.0189 0.3481 0.0968
0.1274 0.0455 0.0638 0.7633
0.6788 0.0178 0.1177 0.1857
0.2295 0.0872 0.5186 0.1647

MOTIF filter2
letter-probability matrix: alength= 4 w= 7 nsites= 203254
0.4321 0.1922 0.0011 0.3746
0.0111 0.2246 0.0000 0.7642
0.7266 0.0368 0.0011 0.2355
0.3951 0.2543 0.0274 0.3232
0.2819 0.2212 0.2120 0.2848
0.1189 0.2200 0.2991 0.3620
0.3047 0.1547 0.3123 0.2283

MOTIF filter3
letter-probability matrix: alength= 4 w= 7 nsites= 125338
0.0020 0.4551 0.5291 0.0138
0.0118 0.2996 0.2302 0.4584
0.0000 0.7271 0.0103 0.2626
0.0051 0.7590 0.0101 0.2259
0.2177 0.4722 0.0150 0.2951
0.1777 0.2946 0.3412 0.1865
0.1564 0.2801 0.3108 0.2527

MOTIF filter4
letter-probability matrix: alength= 4 w= 7 nsites= 80408
0.0020 0.4309 0.2387 0.3284
0.8272 0.0080 0.1413 0.0234
0.2695 0.0566 0.4563 0.2175
0.0166 0.0809 0.0211 0.8814
0.1501 0.2928 0.1374 0.4197
0.1519 0.0570 0.1619 0.6291
0.0955 0.3981 0.0762 0.4303

MOTIF filter5
letter-probability matrix: alength= 4 w= 7 nsites= 163441
0.0449 0.0454 0.6388 0.2709
0.0599 0.0104 0.0023 0.9274
0.3597 0.0026 0.3139 0.3237
0.2860 0.0011 0.1153 0.5975
0.1696 0.0089 0.2364 0.5852
0.2450 0.1199 0.0916 0.5434
0.2998 0.0980 0.1757 0.4265

MOTIF filter6
letter-probability matrix: alength= 4 w= 7 nsites= 146041
0.0021 0.1872 0.0018 0.8089
0.1822 0.1135 0.4468 0.2576
0.1925 0.0000 0.1260 0.6814
0.1062 0.3299 0.4713 0.0925
0.0195 0.2130 0.3632 0.4043
0.1850 0.2099 0.1701 0.4350
0.0610 0.3447 0.3219 0.2725

MOTIF filter7
letter-probability matrix: alength= 4 w= 7 nsites= 637255
0.2612 0.2498 0.2065 0.2825
0.2967 0.3652 0.0616 0.2765
0.4365 0.0847 0.0000 0.4788
0.0000 0.0000 1.0000 0.0000
0.2674 0.2171 0.2372 0.2783
0.2974 0.2080 0.2180 0.2766
0.2713 0.1991 0.2306 0.2989

MOTIF filter8
letter-probability matrix: alength= 4 w= 7 nsites= 34564
0.0777 0.8215 0.0514 0.0495
0.2640 0.4955 0.0054 0.2352
0.1042 0.2090 0.0015 0.6853
0.5822 0.1776 0.1278 0.1123
0.1164 0.1334 0.5856 0.1645
0.3656 0.0838 0.5243 0.0263
0.7011 0.1909 0.0262 0.0818

MOTIF filter9
letter-probability matrix: alength= 4 w= 7 nsites= 55948
0.2835 0.4941 0.0484 0.1740
0.2307 0.4826 0.1019 0.1849
0.0646 0.1420 0.0646 0.7288
0.0083 0.0008 0.0055 0.9854
0.2754 0.3815 0.0458 0.2973
0.2838 0.0153 0.3476 0.3532
0.2310 0.0148 0.5074 0.2468

MOTIF filter10
letter-probability matrix: alength= 4 w= 7 nsites= 77359
0.6135 0.0054 0.3301 0.0511
0.5152 0.2100 0.0952 0.1796
0.1164 0.1605 0.6976 0.0254
0.1345 0.0000 0.8655 0.0000
0.6507 0.0000 0.3479 0.0013
0.4337 0.2450 0.2038 0.1175
0.2645 0.1857 0.4501 0.0998

MOTIF filter11
letter-probability matrix: alength= 4 w= 7 nsites= 75447
0.4778 0.2917 0.0592 0.1713
0.0000 0.0841 0.9159 0.0000
0.9355 0.0482 0.0151 0.0012
0.4384 0.2105 0.1998 0.1513
0.4659 0.0470 0.2581 0.2290
0.3472 0.3623 0.0172 0.2733
0.1891 0.3799 0.1104 0.3206

MOTIF filter12
letter-probability matrix: alength= 4 w= 7 nsites= 103629
0.1834 0.3612 0.4131 0.0422
0.3097 0.2639 0.1941 0.2323
0.1058 0.1720 0.2736 0.4487
0.3208 0.1798 0.4443 0.0552
0.2622 0.2575 0.3593 0.1210
0.1469 0.1438 0.4290 0.2803
0.1545 0.2716 0.5665 0.0074

MOTIF filter13
letter-probability matrix: alength= 4 w= 7 nsites= 189090
0.0003 0.1908 0.3760 0.4328
0.8389 0.1611 0.0000 0.0000
0.0153 0.0000 0.4805 0.5041
0.0681 0.3134 0.2510 0.3674
0.2470 0.1380 0.2165 0.3985
0.2056 0.2821 0.3097 0.2027
0.3017 0.3330 0.1799 0.1853

MOTIF filter14
letter-probability matrix: alength= 4 w= 7 nsites= 98707
0.3553 0.1923 0.0496 0.4028
0.5046 0.2194 0.1702 0.1058
0.5803 0.0776 0.0110 0.3311
0.0171 0.1290 0.3450 0.5089
0.0000 0.0006 0.9922 0.0071
0.0002 0.5216 0.0528 0.4254
0.3815 0.1268 0.2650 0.2266

MOTIF filter15
letter-probability matrix: alength= 4 w= 7 nsites= 131133
0.1094 0.0596 0.0007 0.8302
0.0015 0.0143 0.7173 0.2670
0.0967 0.2742 0.1882 0.4410
0.4474 0.1749 0.0539 0.3237
0.4325 0.2200 0.1028 0.2448
0.3810 0.2469 0.0598 0.3124
0.3546 0.1333 0.1348 0.3774

