MEME version 4

ALPHABET= ACGU

Background letter frequencies:
A 0.2502 C 0.2243 G 0.2430 U 0.2824

MOTIF filter0
letter-probability matrix: alength= 4 w= 7 nsites= 7284
0.0543 0.3701 0.4285 0.1471
0.0976 0.1117 0.4716 0.3192
0.2838 0.5369 0.0937 0.0856
0.0475 0.7661 0.0147 0.1718
0.4262 0.1902 0.1017 0.2820
0.1830 0.1939 0.0255 0.5976
0.0373 0.4330 0.3654 0.1642

MOTIF filter1
letter-probability matrix: alength= 4 w= 7 nsites= 10211
0.4588 0.0297 0.1790 0.3326
0.1173 0.0117 0.4628 0.4082
0.2223 0.1262 0.5924 0.0591
0.1161 0.6170 0.0322 0.2347
0.1052 0.0785 0.0155 0.8008
0.5393 0.3279 0.0163 0.1166
0.4292 0.2108 0.2399 0.1201

MOTIF filter2
letter-probability matrix: alength= 4 w= 7 nsites= 29495
0.1444 0.2629 0.0390 0.5537
0.1609 0.1561 0.0129 0.6701
0.4924 0.0018 0.2830 0.2229
0.3595 0.1222 0.4049 0.1134
0.3161 0.0522 0.3417 0.2900
0.2690 0.0044 0.0028 0.7238
0.3367 0.0126 0.1640 0.4867

MOTIF filter3
letter-probability matrix: alength= 4 w= 7 nsites= 6664
0.5310 0.1594 0.0964 0.2131
0.1719 0.1456 0.0831 0.5994
0.0570 0.2701 0.5471 0.1258
0.8775 0.0007 0.0538 0.0679
0.2915 0.0112 0.0112 0.6860
0.0121 0.3077 0.0979 0.5822
0.1143 0.2987 0.3838 0.2032

MOTIF filter4
letter-probability matrix: alength= 4 w= 7 nsites= 14514
0.0205 0.8585 0.0050 0.1160
0.3027 0.4697 0.0455 0.1821
0.0454 0.5094 0.2502 0.1950
0.5454 0.1335 0.3027 0.0185
0.0537 0.0848 0.4415 0.4200
0.1402 0.0881 0.7188 0.0530
0.3607 0.2088 0.1898 0.2408

MOTIF filter5
letter-probability matrix: alength= 4 w= 7 nsites= 9538
0.2791 0.4905 0.2178 0.0127
0.1082 0.0629 0.5575 0.2714
0.4090 0.2044 0.2567 0.1300
0.1226 0.6966 0.0912 0.0896
0.1029 0.0941 0.6070 0.1960
0.4588 0.2084 0.0982 0.2345
0.2380 0.4434 0.2951 0.0235

MOTIF filter6
letter-probability matrix: alength= 4 w= 7 nsites= 12989
0.0359 0.1787 0.3909 0.3945
0.3138 0.2452 0.1091 0.3319
0.1729 0.0916 0.0601 0.6754
0.2848 0.2663 0.0847 0.3643
0.2510 0.0385 0.6485 0.0620
0.3197 0.2922 0.0616 0.3265
0.1008 0.8003 0.0580 0.0409

MOTIF filter7
letter-probability matrix: alength= 4 w= 7 nsites= 21550
0.5470 0.2227 0.0875 0.1427
0.7883 0.0217 0.0166 0.1735
0.2547 0.1378 0.2609 0.3466
0.3292 0.0612 0.1239 0.4856
0.3490 0.1825 0.0762 0.3923
0.3571 0.0364 0.0143 0.5921
0.3151 0.0193 0.3384 0.3273

MOTIF filter8
letter-probability matrix: alength= 4 w= 7 nsites= 17309
0.1201 0.4482 0.1807 0.2510
0.1270 0.5764 0.1469 0.1496
0.1071 0.3910 0.2751 0.2267
0.1896 0.3884 0.2839 0.1380
0.0091 0.9256 0.0224 0.0429
0.0141 0.8945 0.0757 0.0157
0.0128 0.5967 0.0047 0.3857

MOTIF filter9
letter-probability matrix: alength= 4 w= 7 nsites= 8259
0.1981 0.1076 0.4766 0.2177
0.5620 0.0108 0.0163 0.4109
0.1237 0.4765 0.0655 0.3344
0.1461 0.4380 0.2781 0.1378
0.7240 0.0611 0.1140 0.1009
0.1427 0.1969 0.2661 0.3943
0.4348 0.1562 0.0709 0.3380

MOTIF filter10
letter-probability matrix: alength= 4 w= 7 nsites= 14165
0.4129 0.0917 0.3528 0.1426
0.3237 0.1691 0.3327 0.1745
0.1526 0.0718 0.0271 0.7485
0.3757 0.3414 0.0335 0.2494
0.4868 0.0216 0.0390 0.4526
0.1340 0.4609 0.0939 0.3112
0.7351 0.0992 0.0045 0.1611

MOTIF filter11
letter-probability matrix: alength= 4 w= 7 nsites= 19004
0.1812 0.1210 0.6289 0.0688
0.2825 0.1692 0.2261 0.3222
0.7291 0.0006 0.2617 0.0086
0.1217 0.0219 0.5109 0.3454
0.3381 0.0942 0.4585 0.1091
0.1371 0.2666 0.0312 0.5651
0.1186 0.6262 0.0784 0.1767

MOTIF filter12
letter-probability matrix: alength= 4 w= 7 nsites= 14007
0.7345 0.0206 0.0310 0.2138
0.0287 0.2735 0.3825 0.3153
0.2428 0.3641 0.0294 0.3636
0.2832 0.0527 0.4820 0.1821
0.6284 0.0921 0.2211 0.0584
0.6750 0.0778 0.0077 0.2395
0.5160 0.0855 0.0960 0.3025

MOTIF filter13
letter-probability matrix: alength= 4 w= 7 nsites= 20182
0.3231 0.6092 0.0159 0.0519
0.3489 0.2130 0.0431 0.3950
0.1468 0.0915 0.5058 0.2558
0.2269 0.5317 0.0561 0.1853
0.2639 0.0850 0.1748 0.4763
0.0429 0.0031 0.8578 0.0962
0.7201 0.1496 0.0270 0.1033

MOTIF filter15
letter-probability matrix: alength= 4 w= 7 nsites= 7400
0.0850 0.2238 0.1865 0.5047
0.2257 0.4543 0.1130 0.2069
0.5278 0.2181 0.0801 0.1740
0.2202 0.5298 0.0285 0.2215
0.0157 0.3318 0.5074 0.1451
0.1682 0.0251 0.0018 0.8050
0.5797 0.3568 0.0442 0.0193

