MEME version 4

ALPHABET= ACGU

Background letter frequencies:
A 0.2502 C 0.2243 G 0.2430 U 0.2824

MOTIF filter0
letter-probability matrix: alength= 4 w= 7 nsites= 26049
0.4337 0.1501 0.1885 0.2277
0.3701 0.2790 0.1934 0.1575
0.2730 0.4013 0.1566 0.1691
0.3876 0.3928 0.1582 0.0615
0.3983 0.3720 0.0563 0.1733
0.3832 0.2795 0.0451 0.2921
0.1286 0.2903 0.1805 0.4006

MOTIF filter1
letter-probability matrix: alength= 4 w= 7 nsites= 28363
0.0871 0.3615 0.0874 0.4641
0.1740 0.4078 0.0399 0.3784
0.4646 0.2748 0.0361 0.2246
0.5328 0.1195 0.2508 0.0969
0.4233 0.1870 0.2895 0.1002
0.2302 0.2644 0.3355 0.1699
0.1931 0.2921 0.1218 0.3930

MOTIF filter2
letter-probability matrix: alength= 4 w= 7 nsites= 32099
0.2326 0.1246 0.1094 0.5335
0.2558 0.1256 0.1912 0.4275
0.1748 0.1317 0.2240 0.4695
0.1595 0.1207 0.4274 0.2924
0.0800 0.1372 0.3273 0.4556
0.1555 0.2021 0.2910 0.3515
0.1474 0.1464 0.1034 0.6029

MOTIF filter3
letter-probability matrix: alength= 4 w= 7 nsites= 43296
0.4028 0.1366 0.3370 0.1235
0.1929 0.0753 0.5262 0.2055
0.2190 0.0457 0.4754 0.2599
0.1587 0.0595 0.6089 0.1729
0.2109 0.1696 0.5103 0.1091
0.1513 0.3016 0.3722 0.1749
0.1153 0.3395 0.1999 0.3454

MOTIF filter4
letter-probability matrix: alength= 4 w= 7 nsites= 31747
0.3459 0.1535 0.3262 0.1744
0.1329 0.3649 0.3784 0.1237
0.0440 0.4518 0.2566 0.2476
0.1014 0.4301 0.2664 0.2021
0.1105 0.1939 0.3990 0.2967
0.1005 0.1962 0.5004 0.2029
0.0485 0.1438 0.3643 0.4435

MOTIF filter5
letter-probability matrix: alength= 4 w= 7 nsites= 33881
0.1439 0.1814 0.3467 0.3280
0.0691 0.0896 0.5442 0.2971
0.1349 0.1482 0.4966 0.2202
0.2157 0.2481 0.4738 0.0624
0.2967 0.2536 0.2788 0.1710
0.3100 0.2226 0.2860 0.1814
0.2393 0.0990 0.4944 0.1673

MOTIF filter6
letter-probability matrix: alength= 4 w= 7 nsites= 28979
0.2231 0.2814 0.3232 0.1724
0.2174 0.3536 0.2587 0.1703
0.2185 0.4445 0.1210 0.2160
0.2019 0.4548 0.1174 0.2259
0.2063 0.3755 0.1174 0.3008
0.1788 0.2781 0.1478 0.3953
0.1764 0.1216 0.1456 0.5564

MOTIF filter7
letter-probability matrix: alength= 4 w= 7 nsites= 42919
0.3023 0.2618 0.0794 0.3564
0.2268 0.2451 0.1295 0.3985
0.3433 0.2822 0.1781 0.1964
0.2693 0.3349 0.1255 0.2703
0.1767 0.4275 0.1231 0.2727
0.1233 0.4206 0.0687 0.3874
0.1161 0.2511 0.1248 0.5080

MOTIF filter8
letter-probability matrix: alength= 4 w= 7 nsites= 28530
0.2112 0.4405 0.1078 0.2405
0.1390 0.5496 0.0680 0.2434
0.1158 0.5110 0.0939 0.2793
0.1228 0.5145 0.0955 0.2673
0.1201 0.3635 0.2533 0.2630
0.1495 0.1962 0.4271 0.2272
0.1784 0.2494 0.5010 0.0712

MOTIF filter9
letter-probability matrix: alength= 4 w= 7 nsites= 30016
0.0557 0.1660 0.2367 0.5415
0.0702 0.1675 0.1256 0.6367
0.0707 0.1394 0.1847 0.6052
0.2804 0.0816 0.2471 0.3908
0.3249 0.0802 0.3559 0.2390
0.3408 0.0852 0.4555 0.1185
0.1813 0.0723 0.4716 0.2748

MOTIF filter10
letter-probability matrix: alength= 4 w= 7 nsites= 23765
0.1444 0.0619 0.3054 0.4883
0.1176 0.0339 0.2938 0.5547
0.1349 0.0877 0.2631 0.5143
0.1634 0.2650 0.1126 0.4590
0.0736 0.3290 0.0669 0.5306
0.1059 0.4176 0.1073 0.3691
0.1216 0.4195 0.0808 0.3780

MOTIF filter11
letter-probability matrix: alength= 4 w= 7 nsites= 55405
0.1502 0.4836 0.1146 0.2516
0.1970 0.4459 0.1250 0.2321
0.2318 0.4208 0.1199 0.2275
0.2519 0.3769 0.1468 0.2244
0.2447 0.3737 0.1257 0.2559
0.1936 0.3741 0.1752 0.2570
0.1744 0.5474 0.1498 0.1284

MOTIF filter12
letter-probability matrix: alength= 4 w= 7 nsites= 31546
0.1654 0.1677 0.3091 0.3579
0.1568 0.0762 0.5778 0.1891
0.0582 0.0379 0.7703 0.1337
0.1577 0.1037 0.6649 0.0737
0.2735 0.1179 0.3992 0.2094
0.3184 0.2231 0.2490 0.2095
0.3285 0.1714 0.1858 0.3144

MOTIF filter13
letter-probability matrix: alength= 4 w= 7 nsites= 19047
0.1849 0.0982 0.4447 0.2722
0.2025 0.1337 0.3626 0.3012
0.1007 0.1378 0.5698 0.1916
0.1494 0.1632 0.5277 0.1597
0.1585 0.3503 0.4508 0.0404
0.1332 0.3106 0.2391 0.3171
0.0671 0.3051 0.2775 0.3503

MOTIF filter14
letter-probability matrix: alength= 4 w= 7 nsites= 21893
0.2499 0.1814 0.4683 0.1004
0.2828 0.1230 0.4719 0.1223
0.4636 0.0825 0.3823 0.0716
0.3426 0.1824 0.3975 0.0774
0.3057 0.2728 0.3729 0.0486
0.1078 0.2737 0.4586 0.1599
0.0777 0.2426 0.5172 0.1625

MOTIF filter15
letter-probability matrix: alength= 4 w= 7 nsites= 22667
0.1420 0.4899 0.1713 0.1968
0.1213 0.3233 0.3593 0.1961
0.0986 0.1846 0.4964 0.2204
0.2101 0.1560 0.4405 0.1934
0.3280 0.1387 0.3529 0.1803
0.3859 0.1653 0.2292 0.2196
0.4976 0.1848 0.2219 0.0957

