MEME version 4

ALPHABET= ACGU

Background letter frequencies:
A 0.2518 C 0.2214 G 0.2443 U 0.2824

MOTIF filter0
letter-probability matrix: alength= 4 w= 7 nsites= 3531
0.2308 0.5010 0.2195 0.0487
0.2444 0.3986 0.0897 0.2673
0.1590 0.3250 0.2467 0.2693
0.1912 0.1386 0.2645 0.4057
0.2390 0.1429 0.2815 0.3366
0.2727 0.1723 0.1214 0.4337
0.2240 0.2911 0.1188 0.3661

MOTIF filter1
letter-probability matrix: alength= 4 w= 7 nsites= 2310
0.2857 0.0994 0.4287 0.1863
0.1556 0.0856 0.5514 0.2074
0.1832 0.2878 0.4045 0.1245
0.2005 0.2939 0.3885 0.1171
0.1707 0.2710 0.2960 0.2623
0.1681 0.1318 0.4438 0.2563
0.1296 0.1366 0.5039 0.2299

MOTIF filter2
letter-probability matrix: alength= 4 w= 7 nsites= 7555
0.1838 0.1581 0.3391 0.3191
0.1970 0.2056 0.3609 0.2365
0.1337 0.3139 0.3629 0.1894
0.2254 0.3096 0.2893 0.1757
0.1511 0.2536 0.4133 0.1820
0.1433 0.1967 0.5292 0.1308
0.1271 0.2586 0.5077 0.1065

MOTIF filter3
letter-probability matrix: alength= 4 w= 7 nsites= 3657
0.1877 0.2141 0.2606 0.3376
0.0989 0.2256 0.4283 0.2472
0.1592 0.2191 0.3961 0.2256
0.4365 0.1939 0.3286 0.0410
0.5537 0.1483 0.1726 0.1254
0.5299 0.0546 0.2947 0.1207
0.4155 0.0680 0.2994 0.2172

MOTIF filter4
letter-probability matrix: alength= 4 w= 7 nsites= 4723
0.2126 0.4527 0.1102 0.2245
0.2433 0.3893 0.1447 0.2228
0.1720 0.4779 0.1223 0.2278
0.0628 0.6095 0.1170 0.2107
0.0360 0.4927 0.1967 0.2746
0.0700 0.4180 0.2450 0.2670
0.0950 0.3723 0.3040 0.2287

MOTIF filter5
letter-probability matrix: alength= 4 w= 7 nsites= 4154
0.1313 0.2439 0.2982 0.3266
0.1270 0.2412 0.0940 0.5378
0.1215 0.1972 0.0447 0.6366
0.1034 0.1058 0.0467 0.7441
0.1888 0.1409 0.1171 0.5532
0.1494 0.2496 0.2256 0.3754
0.2140 0.2172 0.3384 0.2304

MOTIF filter6
letter-probability matrix: alength= 4 w= 7 nsites= 2461
0.0836 0.0815 0.5728 0.2621
0.0961 0.0917 0.4669 0.3452
0.2742 0.0909 0.3306 0.3043
0.4312 0.0288 0.3059 0.2341
0.5022 0.0296 0.4028 0.0653
0.3059 0.0572 0.3582 0.2787
0.1497 0.1424 0.2852 0.4227

MOTIF filter7
letter-probability matrix: alength= 4 w= 7 nsites= 2936
0.1765 0.3071 0.1827 0.3337
0.1895 0.3255 0.1878 0.2973
0.1881 0.2269 0.2663 0.3187
0.1558 0.2759 0.2592 0.3092
0.1405 0.2476 0.2510 0.3609
0.2575 0.1592 0.2619 0.3214
0.1306 0.1663 0.2194 0.4837

MOTIF filter8
letter-probability matrix: alength= 4 w= 7 nsites= 3392
0.2041 0.2494 0.3595 0.1870
0.0839 0.1148 0.4229 0.3784
0.1187 0.1075 0.3693 0.4046
0.1661 0.1092 0.1961 0.5286
0.4031 0.1322 0.1643 0.3004
0.3469 0.1307 0.1025 0.4199
0.2953 0.1022 0.1390 0.4635

MOTIF filter9
letter-probability matrix: alength= 4 w= 7 nsites= 4356
0.2046 0.0550 0.5892 0.1511
0.2468 0.1225 0.4959 0.1349
0.3420 0.1181 0.3810 0.1589
0.3296 0.1578 0.4034 0.1092
0.1569 0.1420 0.4727 0.2284
0.1649 0.2305 0.3739 0.2307
0.1768 0.1970 0.3005 0.3257

MOTIF filter10
letter-probability matrix: alength= 4 w= 7 nsites= 4947
0.2391 0.2189 0.1909 0.3510
0.2446 0.2458 0.2783 0.2313
0.3110 0.1658 0.2711 0.2521
0.4120 0.1097 0.3573 0.1210
0.5138 0.0263 0.2642 0.1957
0.5441 0.0113 0.2787 0.1658
0.6187 0.0275 0.1785 0.1753

MOTIF filter11
letter-probability matrix: alength= 4 w= 7 nsites= 4258
0.1269 0.0516 0.4491 0.3724
0.1422 0.2198 0.2820 0.3559
0.1863 0.2260 0.1687 0.4191
0.2196 0.2081 0.2928 0.2794
0.1736 0.1030 0.4010 0.3224
0.1258 0.2325 0.4399 0.2018
0.1919 0.3142 0.1783 0.3156

MOTIF filter12
letter-probability matrix: alength= 4 w= 7 nsites= 2803
0.4304 0.1899 0.2700 0.1097
0.3224 0.2740 0.2822 0.1215
0.3188 0.4307 0.1250 0.1254
0.2640 0.3399 0.1226 0.2736
0.1575 0.3121 0.2718 0.2586
0.2661 0.1981 0.3164 0.2195
0.2351 0.2141 0.3548 0.1959

MOTIF filter13
letter-probability matrix: alength= 4 w= 7 nsites= 3748
0.4318 0.2705 0.1879 0.1098
0.2687 0.3529 0.2199 0.1586
0.1626 0.3718 0.1836 0.2820
0.1612 0.3065 0.2417 0.2905
0.1914 0.2284 0.1708 0.4094
0.1370 0.2103 0.2772 0.3755
0.1215 0.1690 0.3057 0.4038

MOTIF filter14
letter-probability matrix: alength= 4 w= 7 nsites= 6253
0.0930 0.2463 0.0542 0.6065
0.1438 0.1475 0.0529 0.6557
0.2707 0.0548 0.0865 0.5880
0.3321 0.1136 0.2019 0.3524
0.3484 0.1381 0.1678 0.3457
0.3358 0.2217 0.2033 0.2393
0.4283 0.2514 0.0951 0.2252

MOTIF filter15
letter-probability matrix: alength= 4 w= 7 nsites= 5184
0.2363 0.2286 0.4667 0.0684
0.3346 0.1457 0.4302 0.0894
0.3099 0.2114 0.3180 0.1606
0.2473 0.2010 0.2167 0.3350
0.1158 0.2026 0.3863 0.2953
0.1328 0.1288 0.5031 0.2354
0.2469 0.0677 0.6349 0.0505

