MEME version 4

ALPHABET= ACGU

Background letter frequencies:
A 0.2637 C 0.2128 G 0.2285 U 0.2951

MOTIF filter0
letter-probability matrix: alength= 4 w= 7 nsites= 73642
0.3065 0.1906 0.2032 0.2997
0.2910 0.2004 0.2097 0.2989
0.2902 0.2315 0.1827 0.2955
0.3106 0.2318 0.1443 0.3133
0.2910 0.1875 0.2161 0.3054
0.3291 0.1206 0.2108 0.3395
0.2506 0.0598 0.4428 0.2467

MOTIF filter1
letter-probability matrix: alength= 4 w= 7 nsites= 14557
0.4504 0.2199 0.2192 0.1104
0.4790 0.2428 0.1779 0.1003
0.2953 0.2411 0.2039 0.2597
0.2571 0.0688 0.2968 0.3774
0.1381 0.0326 0.4165 0.4127
0.1657 0.0518 0.4879 0.2946
0.3410 0.0530 0.4384 0.1676

MOTIF filter2
letter-probability matrix: alength= 4 w= 7 nsites= 28421
0.3637 0.2041 0.0373 0.3949
0.3430 0.0972 0.1229 0.4369
0.2539 0.0874 0.1372 0.5215
0.2541 0.0310 0.1542 0.5606
0.3246 0.0495 0.0682 0.5576
0.2916 0.0771 0.0575 0.5738
0.2607 0.1162 0.0159 0.6073

MOTIF filter3
letter-probability matrix: alength= 4 w= 7 nsites= 13863
0.4140 0.1595 0.0797 0.3468
0.4144 0.0984 0.1214 0.3658
0.2843 0.1041 0.2908 0.3209
0.1347 0.2841 0.2762 0.3050
0.0733 0.3842 0.2034 0.3392
0.2720 0.3442 0.0460 0.3378
0.2601 0.1520 0.3567 0.2312

MOTIF filter4
letter-probability matrix: alength= 4 w= 7 nsites= 9718
0.4370 0.1732 0.1447 0.2450
0.4056 0.1526 0.0189 0.4229
0.3073 0.1852 0.0136 0.4938
0.2922 0.1879 0.0272 0.4927
0.2594 0.3520 0.0233 0.3653
0.1936 0.3117 0.0470 0.4477
0.1677 0.4804 0.0808 0.2711

MOTIF filter5
letter-probability matrix: alength= 4 w= 7 nsites= 15108
0.2489 0.0164 0.4501 0.2845
0.1799 0.0132 0.4992 0.3077
0.1829 0.0236 0.2526 0.5409
0.1675 0.0503 0.3047 0.4774
0.1991 0.0967 0.1793 0.5249
0.2783 0.1312 0.1950 0.3955
0.3043 0.1353 0.2526 0.3078

MOTIF filter6
letter-probability matrix: alength= 4 w= 7 nsites= 21504
0.3005 0.2929 0.1720 0.2346
0.2960 0.2286 0.1358 0.3396
0.1482 0.1630 0.4343 0.2545
0.2209 0.1572 0.3876 0.2343
0.3200 0.1648 0.3688 0.1464
0.4210 0.1701 0.2462 0.1626
0.3314 0.0826 0.4487 0.1373

MOTIF filter7
letter-probability matrix: alength= 4 w= 7 nsites= 11431
0.3460 0.0454 0.4632 0.1453
0.1418 0.2512 0.3841 0.2228
0.2271 0.2640 0.1341 0.3747
0.1366 0.4051 0.0616 0.3968
0.3417 0.1992 0.0870 0.3721
0.3418 0.2060 0.1297 0.3225
0.3704 0.0748 0.2222 0.3326

MOTIF filter8
letter-probability matrix: alength= 4 w= 7 nsites= 16567
0.5429 0.0961 0.2924 0.0686
0.5705 0.1538 0.2119 0.0638
0.4087 0.2399 0.2542 0.0973
0.2813 0.3222 0.2642 0.1323
0.1543 0.2577 0.2575 0.3305
0.2230 0.1688 0.1554 0.4527
0.1740 0.1674 0.0821 0.5765

MOTIF filter9
letter-probability matrix: alength= 4 w= 7 nsites= 54978
0.3312 0.2731 0.1405 0.2553
0.3473 0.3253 0.0549 0.2726
0.3068 0.3306 0.0685 0.2940
0.2939 0.2711 0.1541 0.2808
0.3094 0.2531 0.2109 0.2266
0.3046 0.2414 0.2452 0.2089
0.3199 0.2465 0.2565 0.1771

MOTIF filter10
letter-probability matrix: alength= 4 w= 7 nsites= 14177
0.3213 0.4684 0.1254 0.0848
0.4982 0.3455 0.0443 0.1120
0.4550 0.2427 0.1777 0.1246
0.4095 0.1381 0.3502 0.1022
0.3157 0.1271 0.4539 0.1033
0.2307 0.1892 0.3894 0.1907
0.3256 0.2820 0.2015 0.1908

MOTIF filter11
letter-probability matrix: alength= 4 w= 7 nsites= 18137
0.1324 0.1057 0.5581 0.2039
0.0706 0.1036 0.5952 0.2306
0.1543 0.0420 0.5811 0.2226
0.1392 0.0612 0.6017 0.1978
0.2369 0.0690 0.4942 0.1998
0.1756 0.1632 0.4613 0.1999
0.2339 0.1597 0.3426 0.2637

MOTIF filter12
letter-probability matrix: alength= 4 w= 7 nsites= 17315
0.3783 0.4217 0.1003 0.0997
0.3288 0.2838 0.3367 0.0507
0.3095 0.1521 0.3841 0.1542
0.0539 0.1490 0.5239 0.2732
0.1030 0.2734 0.2557 0.3679
0.1181 0.2629 0.2535 0.3654
0.1413 0.3434 0.1385 0.3768

MOTIF filter13
letter-probability matrix: alength= 4 w= 7 nsites= 10391
0.1707 0.1179 0.5532 0.1582
0.1190 0.0874 0.7190 0.0746
0.1305 0.1641 0.6130 0.0924
0.1116 0.1904 0.5850 0.1130
0.1300 0.2579 0.5168 0.0953
0.1785 0.3697 0.3604 0.0914
0.1890 0.3490 0.2090 0.2529

MOTIF filter14
letter-probability matrix: alength= 4 w= 7 nsites= 17295
0.1540 0.0971 0.2192 0.5297
0.0983 0.0283 0.2130 0.6605
0.0845 0.2267 0.2120 0.4768
0.1124 0.3738 0.0934 0.4204
0.0888 0.4343 0.1266 0.3503
0.0860 0.3715 0.0882 0.4544
0.0582 0.2204 0.1434 0.5780

MOTIF filter15
letter-probability matrix: alength= 4 w= 7 nsites= 19147
0.1851 0.3952 0.1012 0.3185
0.2488 0.3538 0.0722 0.3252
0.3472 0.2126 0.0601 0.3801
0.2349 0.1678 0.0222 0.5750
0.1818 0.1518 0.1186 0.5478
0.0988 0.0591 0.2270 0.6150
0.2218 0.0925 0.2676 0.4182

