MEME version 4

ALPHABET= ACGU

Background letter frequencies:
A 0.2656 C 0.2131 G 0.2288 U 0.2925

MOTIF filter0
letter-probability matrix: alength= 4 w= 7 nsites= 17727
0.1511 0.2087 0.4890 0.1512
0.0106 0.4906 0.1364 0.3624
0.3200 0.5932 0.0005 0.0863
0.1011 0.0021 0.5387 0.3581
0.0965 0.6588 0.0634 0.1813
0.1752 0.2303 0.2660 0.3285
0.0535 0.2359 0.0611 0.6494

MOTIF filter1
letter-probability matrix: alength= 4 w= 7 nsites= 32232
0.2675 0.3698 0.0694 0.2933
0.7721 0.0582 0.1153 0.0544
0.2420 0.1450 0.4601 0.1530
0.1287 0.4109 0.3994 0.0611
0.1531 0.3919 0.0004 0.4546
0.5658 0.2972 0.0233 0.1138
0.3781 0.2860 0.1210 0.2149

MOTIF filter2
letter-probability matrix: alength= 4 w= 7 nsites= 15201
0.0510 0.1976 0.6052 0.1463
0.0859 0.0287 0.8636 0.0218
0.0520 0.1581 0.7363 0.0536
0.1563 0.3945 0.2565 0.1927
0.1025 0.5641 0.2545 0.0790
0.1541 0.4453 0.3672 0.0333
0.2322 0.0713 0.3953 0.3012

MOTIF filter3
letter-probability matrix: alength= 4 w= 7 nsites= 16250
0.2484 0.0273 0.5778 0.1465
0.5431 0.0042 0.1001 0.3527
0.0135 0.4738 0.4548 0.0578
0.3101 0.1034 0.5514 0.0351
0.6406 0.0281 0.1672 0.1641
0.2257 0.2533 0.4125 0.1085
0.4943 0.1122 0.3236 0.0700

MOTIF filter4
letter-probability matrix: alength= 4 w= 7 nsites= 174210
0.4049 0.2851 0.0000 0.3099
0.3077 0.2234 0.1424 0.3265
0.2373 0.2127 0.2457 0.3042
0.2542 0.2432 0.1941 0.3085
0.2692 0.2383 0.1704 0.3221
0.2410 0.1940 0.2820 0.2830
0.2731 0.2074 0.2262 0.2933

MOTIF filter5
letter-probability matrix: alength= 4 w= 7 nsites= 23618
0.0805 0.2147 0.5504 0.1544
0.4335 0.1587 0.0629 0.3449
0.5296 0.2505 0.1303 0.0895
0.1063 0.0888 0.1096 0.6953
0.1422 0.1064 0.2305 0.5209
0.0037 0.4589 0.4077 0.1298
0.3837 0.3143 0.0070 0.2950

MOTIF filter6
letter-probability matrix: alength= 4 w= 7 nsites= 22383
0.2824 0.4568 0.0050 0.2558
0.4206 0.4575 0.0000 0.1218
0.1144 0.6468 0.0021 0.2367
0.3651 0.3754 0.1835 0.0761
0.2752 0.0820 0.3574 0.2855
0.2425 0.1089 0.5178 0.1309
0.7738 0.1507 0.0658 0.0097

MOTIF filter7
letter-probability matrix: alength= 4 w= 7 nsites= 50591
0.5622 0.0177 0.0000 0.4201
0.4260 0.1664 0.0016 0.4060
0.4276 0.0961 0.0034 0.4729
0.3334 0.3903 0.0220 0.2543
0.2581 0.2042 0.0354 0.5024
0.3242 0.1470 0.2031 0.3256
0.1534 0.3457 0.2753 0.2257

MOTIF filter8
letter-probability matrix: alength= 4 w= 7 nsites= 68345
0.3069 0.1343 0.2078 0.3511
0.2776 0.1583 0.2310 0.3331
0.3479 0.1917 0.1146 0.3458
0.4614 0.1492 0.0114 0.3780
0.4525 0.0419 0.0006 0.5050
0.0000 0.0000 1.0000 0.0000
0.4022 0.1237 0.0160 0.4581

MOTIF filter9
letter-probability matrix: alength= 4 w= 7 nsites= 56542
0.4136 0.2626 0.0066 0.3172
0.1443 0.2374 0.3191 0.2992
0.3456 0.1550 0.3762 0.1232
0.3850 0.3231 0.2014 0.0905
0.1454 0.2978 0.2049 0.3519
0.2761 0.3870 0.1448 0.1921
0.3168 0.2496 0.1405 0.2931

MOTIF filter10
letter-probability matrix: alength= 4 w= 7 nsites= 24537
0.0207 0.0031 0.0985 0.8778
0.0044 0.1940 0.6326 0.1690
0.2607 0.0073 0.7264 0.0055
0.0805 0.3380 0.5616 0.0199
0.4994 0.0394 0.1392 0.3219
0.0366 0.3078 0.5182 0.1375
0.2455 0.0743 0.2964 0.3838

MOTIF filter11
letter-probability matrix: alength= 4 w= 7 nsites= 18114
0.1388 0.1528 0.0863 0.6221
0.0240 0.6638 0.0796 0.2327
0.9745 0.0013 0.0211 0.0030
0.0549 0.0907 0.6630 0.1914
0.2372 0.0497 0.3314 0.3817
0.4621 0.0912 0.3307 0.1160
0.2410 0.0047 0.3267 0.4275

MOTIF filter12
letter-probability matrix: alength= 4 w= 7 nsites= 35775
0.4240 0.2723 0.0458 0.2579
0.3565 0.2045 0.0121 0.4269
0.1438 0.2960 0.0738 0.4865
0.1272 0.0737 0.2147 0.5844
0.3057 0.2176 0.3957 0.0810
0.4310 0.0512 0.3588 0.1590
0.2074 0.1556 0.3595 0.2775

MOTIF filter13
letter-probability matrix: alength= 4 w= 7 nsites= 20474
0.0364 0.0624 0.1503 0.7510
0.2975 0.0428 0.0187 0.6410
0.1506 0.4876 0.1605 0.2012
0.1279 0.5532 0.0590 0.2598
0.1456 0.2145 0.3920 0.2479
0.0153 0.1129 0.5884 0.2834
0.2740 0.0240 0.0395 0.6626

MOTIF filter14
letter-probability matrix: alength= 4 w= 7 nsites= 30255
0.5748 0.0410 0.0303 0.3539
0.0842 0.0000 0.9147 0.0010
0.3220 0.0653 0.3339 0.2788
0.3986 0.0300 0.1001 0.4713
0.2459 0.0137 0.2312 0.5092
0.1181 0.0126 0.6379 0.2314
0.3546 0.0777 0.3248 0.2429

MOTIF filter15
letter-probability matrix: alength= 4 w= 7 nsites= 23901
0.3380 0.0118 0.0090 0.6412
0.3115 0.0725 0.3550 0.2609
0.5074 0.1886 0.0000 0.3039
0.3705 0.3503 0.0855 0.1936
0.1685 0.2792 0.4668 0.0855
0.2478 0.4458 0.2392 0.0671
0.5324 0.0833 0.0079 0.3764

