MEME version 4

ALPHABET= ACGU

Background letter frequencies:
A 0.2652 C 0.2140 G 0.2300 U 0.2908

MOTIF filter0
letter-probability matrix: alength= 4 w= 7 nsites= 37580
0.3595 0.4519 0.0106 0.1779
0.3342 0.2060 0.0398 0.4200
0.1160 0.1003 0.1358 0.6478
0.2840 0.1259 0.1127 0.4775
0.2155 0.1881 0.0674 0.5290
0.0803 0.3980 0.1176 0.4041
0.2572 0.3474 0.1916 0.2038

MOTIF filter1
letter-probability matrix: alength= 4 w= 7 nsites= 18737
0.2908 0.4889 0.0645 0.1558
0.4755 0.0735 0.0275 0.4235
0.0383 0.2306 0.1489 0.5821
0.7086 0.0557 0.1738 0.0619
0.1298 0.0085 0.8377 0.0240
0.3702 0.3213 0.2640 0.0446
0.0570 0.4820 0.2255 0.2355

MOTIF filter2
letter-probability matrix: alength= 4 w= 7 nsites= 39766
0.1615 0.0004 0.0214 0.8167
0.0536 0.1710 0.3216 0.4537
0.1199 0.0904 0.3521 0.4376
0.1417 0.4007 0.1978 0.2598
0.3455 0.1313 0.3024 0.2208
0.2664 0.2744 0.3479 0.1113
0.0754 0.2206 0.3434 0.3605

MOTIF filter3
letter-probability matrix: alength= 4 w= 7 nsites= 27057
0.1344 0.1705 0.5153 0.1799
0.5052 0.0242 0.3019 0.1687
0.0350 0.2440 0.3982 0.3228
0.0964 0.0614 0.7245 0.1178
0.2371 0.3953 0.2848 0.0828
0.3063 0.1176 0.1464 0.4297
0.0540 0.0443 0.7443 0.1573

MOTIF filter4
letter-probability matrix: alength= 4 w= 7 nsites= 30095
0.0074 0.5706 0.3080 0.1140
0.1797 0.4086 0.1615 0.2503
0.2436 0.0510 0.3357 0.3697
0.2792 0.2271 0.4158 0.0779
0.3420 0.0813 0.0913 0.4854
0.0509 0.0974 0.7804 0.0712
0.0336 0.5633 0.3324 0.0707

MOTIF filter5
letter-probability matrix: alength= 4 w= 7 nsites= 29711
0.4126 0.0377 0.2769 0.2728
0.4046 0.0324 0.4693 0.0937
0.0280 0.0144 0.7349 0.2226
0.1078 0.4090 0.0307 0.4525
0.3734 0.0361 0.0671 0.5234
0.2054 0.1342 0.1909 0.4695
0.4488 0.0275 0.4802 0.0434

MOTIF filter6
letter-probability matrix: alength= 4 w= 7 nsites= 34428
0.2384 0.4126 0.0548 0.2941
0.3157 0.2814 0.2846 0.1183
0.1150 0.0991 0.1902 0.5957
0.1070 0.4653 0.3918 0.0360
0.0159 0.0831 0.0069 0.8941
0.3390 0.0108 0.0561 0.5941
0.0271 0.2048 0.5457 0.2224

MOTIF filter7
letter-probability matrix: alength= 4 w= 7 nsites= 12146
0.1987 0.4687 0.3055 0.0271
0.6348 0.2329 0.1128 0.0194
0.1435 0.5403 0.0333 0.2829
0.2878 0.2452 0.3523 0.1147
0.5747 0.2853 0.0842 0.0558
0.1284 0.6956 0.0195 0.1565
0.1159 0.1902 0.2429 0.4510

MOTIF filter8
letter-probability matrix: alength= 4 w= 7 nsites= 80847
0.3260 0.2221 0.1728 0.2791
0.2715 0.1513 0.2289 0.3483
0.1318 0.1719 0.4359 0.2604
0.3907 0.0721 0.0002 0.5370
0.0000 0.0000 0.9997 0.0003
0.4119 0.2201 0.0003 0.3677
0.2941 0.1314 0.3398 0.2346

MOTIF filter9
letter-probability matrix: alength= 4 w= 7 nsites= 13764
0.0694 0.7623 0.0628 0.1055
0.1884 0.3741 0.2281 0.2093
0.5036 0.1226 0.1633 0.2105
0.6011 0.0243 0.2427 0.1319
0.3815 0.3720 0.1590 0.0875
0.1641 0.0131 0.1923 0.6304
0.1063 0.7576 0.0357 0.1005

MOTIF filter10
letter-probability matrix: alength= 4 w= 7 nsites= 60843
0.4589 0.0619 0.0399 0.4392
0.2857 0.2620 0.0113 0.4410
0.1776 0.2995 0.0142 0.5087
0.2238 0.1873 0.0701 0.5188
0.3721 0.1173 0.0892 0.4214
0.3336 0.0125 0.0222 0.6318
0.0175 0.1299 0.7912 0.0614

MOTIF filter11
letter-probability matrix: alength= 4 w= 7 nsites= 22918
0.4083 0.0489 0.5070 0.0358
0.6124 0.2162 0.0969 0.0745
0.3094 0.0539 0.3364 0.3002
0.0759 0.0139 0.8956 0.0146
0.7591 0.0563 0.0893 0.0953
0.5457 0.2320 0.0285 0.1938
0.3080 0.3254 0.2101 0.1564

MOTIF filter12
letter-probability matrix: alength= 4 w= 7 nsites= 51109
0.3972 0.0750 0.0826 0.4452
0.4805 0.0251 0.2941 0.2003
0.5140 0.2440 0.0805 0.1615
0.3293 0.1100 0.3347 0.2260
0.3736 0.0898 0.2556 0.2810
0.3483 0.1790 0.1817 0.2910
0.3517 0.0960 0.2934 0.2589

MOTIF filter13
letter-probability matrix: alength= 4 w= 7 nsites= 12554
0.2762 0.2224 0.4066 0.0948
0.0509 0.0031 0.8721 0.0739
0.3519 0.1585 0.1456 0.3441
0.0491 0.2936 0.2792 0.3782
0.0325 0.0494 0.7791 0.1390
0.1925 0.2559 0.0716 0.4799
0.0330 0.7221 0.0615 0.1834

MOTIF filter14
letter-probability matrix: alength= 4 w= 7 nsites= 119182
0.2702 0.2679 0.2039 0.2580
0.3471 0.3155 0.0587 0.2787
0.3731 0.2987 0.0910 0.2373
0.3726 0.0715 0.1078 0.4481
0.0000 0.0000 1.0000 0.0000
0.3193 0.2303 0.1325 0.3179
0.4093 0.2184 0.0188 0.3535

MOTIF filter15
letter-probability matrix: alength= 4 w= 7 nsites= 28008
0.0927 0.4861 0.2796 0.1416
0.0284 0.3142 0.2794 0.3781
0.0264 0.2840 0.5196 0.1700
0.0478 0.6354 0.1681 0.1486
0.7554 0.0808 0.0680 0.0959
0.0205 0.0343 0.9133 0.0319
0.0733 0.2308 0.2991 0.3969

