<!DOCTYPE HTML>
<html>
  <head>
    <meta charset="UTF-8">
    <title>TOMTOM</title>
    <script>
      // @JSON_VAR data
      var data = {
        "program": "Tomtom",
        "version": "4.11.4",
        "release": "Fri Apr 07 18:02:37 2017 -0700",
        "cmd": [
          "tomtom", "-dist", "pearson", "-thresh", "0.05", "-eps", "-oc",
          "motif/PARCLIP_FUS/tomtom", "motif/PARCLIP_FUS/filters_meme.txt",
          "Ray2013_rbp_RNA.meme"
        ],
        "options": {
          "strands": "none",
          "distance_measure": "pearson",
          "threshold_type": "qvalue",
          "threshold_value": 0.05,
          "background_source": "first_target"
        },
        "alphabet": {
          "name": "RNA",
          "like": "rna",
          "ncore": 4,
          "symbols": [
            {
              "symbol": "A",
              "name": "Adenine",
              "colour": "CC0000"
            }, {
              "symbol": "C",
              "name": "Cytosine",
              "colour": "0000CC"
            }, {
              "symbol": "G",
              "name": "Guanine",
              "colour": "FFB300"
            }, {
              "symbol": "U",
              "aliases": "T",
              "name": "Uracil",
              "colour": "008000"
            }, {
              "symbol": "N",
              "aliases": "X.",
              "name": "Any base",
              "equals": "ACGU"
            }, {
              "symbol": "V",
              "name": "Not U",
              "equals": "ACG"
            }, {
              "symbol": "H",
              "name": "Not G",
              "equals": "ACU"
            }, {
              "symbol": "D",
              "name": "Not C",
              "equals": "AGU"
            }, {
              "symbol": "B",
              "name": "Not A",
              "equals": "CGU"
            }, {
              "symbol": "M",
              "name": "Amino",
              "equals": "AC"
            }, {
              "symbol": "R",
              "name": "Purine",
              "equals": "AG"
            }, {
              "symbol": "W",
              "name": "Weak",
              "equals": "AU"
            }, {
              "symbol": "S",
              "name": "Strong",
              "equals": "CG"
            }, {
              "symbol": "Y",
              "name": "Pyrimidine",
              "equals": "CU"
            }, {
              "symbol": "K",
              "name": "Keto",
              "equals": "GU"
            }
          ]
        },
        "background": [0.25, 0.25, 0.25, 0.25],
        "query_dbs": [
          {
            "source": "motif/PARCLIP_FUS/filters_meme.txt",
            "name": "filters meme",
            "loaded": 16,
            "excluded": 0,
            "last_modified": "Fri May 19 17:21:55 2017"
          }
        ],
        "target_dbs": [
          {
            "source": "Ray2013_rbp_RNA.meme",
            "name": "Ray2013 rbp RNA",
            "loaded": 102,
            "excluded": 0,
            "last_modified": "Tue May 16 17:20:04 2017"
          }
        ],
        "queries": [
          {
            "db": 0,
            "id": "filter0",
            "len": 7,
            "nsites": 242075,
            "evalue": "1.0e+000",
            "pwm": [
              [0.4137, 0.0728001, 0.1832, 0.3303], 
              [0.457554, 0.080592, 0.281372, 0.180482], 
              [0.3224, 0.1788, 0.383, 0.1158], 
              [0.3255, 0.2171, 0.3017, 0.1557], 
              [0.209821, 0.268927, 0.208621, 0.312631], 
              [0.2168, 0.2343, 0.1082, 0.4407], 
              [0.29967, 0.279572, 0.0527948, 0.367963]
            ]
          }, {
            "db": 0,
            "id": "filter1",
            "len": 7,
            "nsites": 451863,
            "evalue": "1.0e+000",
            "pwm": [
              [0.5045, 0.1646, 0.00310005, 0.3278], 
              [0.4596, 0.2037, 0.0231001, 0.3136], 
              [0.319632, 0.359536, 0.131013, 0.189819], 
              [0.2361, 0.3496, 0.1336, 0.2807], 
              [0.2406, 0.3121, 0.1342, 0.3131], 
              [0.3378, 0.1808, 0.0377, 0.4437], 
              [0.4408, 0.15, 0.0443, 0.3649]
            ]
          }, {
            "db": 0,
            "id": "filter10",
            "len": 7,
            "nsites": 135808,
            "evalue": "1.0e+000",
            "pwm": [
              [0.263226, 0.0498051, 0.555555, 0.131413], 
              [0.357864, 0.0830918, 0.321468, 0.237576], 
              [0.2736, 0.0719001, 0.4485, 0.206], 
              [0.341234, 0.122112, 0.308431, 0.228223], 
              [0.263374, 0.20398, 0.390661, 0.141986], 
              [0.3026, 0.2767, 0.2633, 0.1574], 
              [0.234, 0.3134, 0.1936, 0.259]
            ]
          }, {
            "db": 0,
            "id": "filter11",
            "len": 7,
            "nsites": 247839,
            "evalue": "1.0e+000",
            "pwm": [
              [0.5113, 0.0775001, 0.1166, 0.2946], 
              [0.378938, 0.0312032, 0.388339, 0.20152], 
              [0.3694, 0.0539001, 0.4113, 0.1654], 
              [0.4229, 0.0573001, 0.4038, 0.116], 
              [0.439356, 0.0581943, 0.379762, 0.122688], 
              [0.3966, 0.0725001, 0.3924, 0.1385], 
              [0.3168, 0.1348, 0.3847, 0.1637]
            ]
          }, {
            "db": 0,
            "id": "filter12",
            "len": 7,
            "nsites": 381562,
            "evalue": "1.0e+000",
            "pwm": [
              [0.1841, 0.305, 0.1948, 0.3161], 
              [0.1869, 0.2861, 0.1578, 0.3692], 
              [0.2495, 0.1616, 0.0460001, 0.5429], 
              [0.268427, 0.171217, 0.0213022, 0.539054], 
              [0.325132, 0.19652, 0.129813, 0.348535], 
              [0.3412, 0.1847, 0.2136, 0.2605], 
              [0.328467, 0.0984902, 0.205779, 0.367263]
            ]
          }, {
            "db": 0,
            "id": "filter13",
            "len": 7,
            "nsites": 198726,
            "evalue": "1.0e+000",
            "pwm": [
              [0.1403, 0.2532, 0.2348, 0.3717], 
              [0.179, 0.3726, 0.1558, 0.2926], 
              [0.233877, 0.464853, 0.181182, 0.120088], 
              [0.2396, 0.3793, 0.0595001, 0.3216], 
              [0.2648, 0.3603, 0.0464001, 0.3285], 
              [0.3331, 0.3568, 0.0191001, 0.291], 
              [0.3903, 0.4785, 0.0632001, 0.0680001]
            ]
          }, {
            "db": 0,
            "id": "filter14",
            "len": 7,
            "nsites": 132238,
            "evalue": "1.0e+000",
            "pwm": [
              [0.4869, 0.3184, 0.0122002, 0.1825], 
              [0.4676, 0.2792, 0.0123002, 0.2409], 
              [0.4536, 0.1538, 0.0298002, 0.3628], 
              [0.1937, 0.1768, 0.0307002, 0.5988], 
              [0.240176, 0.0763925, 0.0284973, 0.654934], 
              [0.373963, 0.123288, 0.0190983, 0.483651], 
              [0.3879, 0.1621, 0.0275002, 0.4225]
            ]
          }, {
            "db": 0,
            "id": "filter15",
            "len": 7,
            "nsites": 163328,
            "evalue": "1.0e+000",
            "pwm": [
              [0.138186, 0.224878, 0.330767, 0.306169], 
              [0.1757, 0.3042, 0.0210001, 0.4991], 
              [0.3484, 0.1685, 0.00830015, 0.4748], 
              [0.4082, 0.1614, 0.00980015, 0.4206], 
              [0.421042, 0.111111, 0.0671068, 0.40074], 
              [0.263826, 0.188119, 0.0745076, 0.473547], 
              [0.177, 0.3222, 0.0793001, 0.4215]
            ]
          }, {
            "db": 0,
            "id": "filter2",
            "len": 7,
            "nsites": 207372,
            "evalue": "1.0e+000",
            "pwm": [
              [0.178218, 0.321132, 0.422842, 0.0778079], 
              [0.2578, 0.2436, 0.3975, 0.1011], 
              [0.2671, 0.1093, 0.4629, 0.1607], 
              [0.165583, 0.153085, 0.472053, 0.209279], 
              [0.1392, 0.2377, 0.3936, 0.2295], 
              [0.2177, 0.2476, 0.2792, 0.2555], 
              [0.377138, 0.154916, 0.290929, 0.177018]
            ]
          }