MEME version 4

ALPHABET= ACGU

Background letter frequencies:
A 0.2459 C 0.2216 G 0.2056 U 0.3269

MOTIF filter0
letter-probability matrix: alength= 4 w= 7 nsites= 238494
0.0110 0.5519 0.1109 0.3262
0.0173 0.4174 0.1063 0.4590
0.0280 0.3980 0.1121 0.4620
0.0531 0.3555 0.1081 0.4834
0.0937 0.3457 0.1078 0.4528
0.1225 0.2759 0.1235 0.4781
0.1226 0.4634 0.1462 0.2678

MOTIF filter1
letter-probability matrix: alength= 4 w= 7 nsites= 163021
0.2377 0.1402 0.2139 0.4082
0.1176 0.2058 0.1893 0.4873
0.0652 0.4907 0.0792 0.3650
0.0400 0.4915 0.1102 0.3582
0.0408 0.4810 0.1705 0.3077
0.0442 0.2206 0.1993 0.5360
0.0923 0.2661 0.2885 0.3531

MOTIF filter2
letter-probability matrix: alength= 4 w= 7 nsites= 309336
0.2317 0.2864 0.2521 0.2299
0.3379 0.1548 0.3149 0.1924
0.3685 0.1143 0.4665 0.0507
0.3351 0.0969 0.3882 0.1798
0.1878 0.1690 0.2322 0.4110
0.1323 0.2354 0.1039 0.5284
0.1555 0.3755 0.0589 0.4101

MOTIF filter3
letter-probability matrix: alength= 4 w= 7 nsites= 260502
0.2590 0.0932 0.0403 0.6074
0.2375 0.0473 0.0592 0.6560
0.1971 0.0441 0.0607 0.6982
0.4233 0.0233 0.0410 0.5123
0.5123 0.0868 0.0894 0.3116
0.5667 0.1359 0.0920 0.2054
0.3726 0.1569 0.1366 0.3339

MOTIF filter4
letter-probability matrix: alength= 4 w= 7 nsites= 164965
0.2596 0.0026 0.3479 0.3899
0.3120 0.1039 0.3489 0.2352
0.3105 0.1422 0.3119 0.2353
0.1687 0.2177 0.4980 0.1156
0.2182 0.1834 0.4533 0.1451
0.2043 0.1840 0.4250 0.1867
0.2571 0.1581 0.3691 0.2157

MOTIF filter5
letter-probability matrix: alength= 4 w= 7 nsites= 190117
0.2209 0.1737 0.4401 0.1654
0.2100 0.3717 0.2864 0.1319
0.1364 0.3237 0.1670 0.3729
0.0666 0.4716 0.1328 0.3290
0.0420 0.3105 0.2825 0.3651
0.0675 0.4283 0.3803 0.1240
0.1636 0.3345 0.3831 0.1188

MOTIF filter6
letter-probability matrix: alength= 4 w= 7 nsites= 255519
0.3190 0.0194 0.3385 0.3231
0.3779 0.0227 0.5170 0.0823
0.5487 0.0853 0.3286 0.0374
0.3855 0.1767 0.2930 0.1448
0.4490 0.1965 0.1593 0.1951
0.3069 0.1361 0.2919 0.2651
0.3460 0.0676 0.3079 0.2785

MOTIF filter7
letter-probability matrix: alength= 4 w= 7 nsites= 266109
0.3103 0.0255 0.2280 0.4362
0.1727 0.0142 0.2815 0.5316
0.1865 0.0490 0.1466 0.6180
0.2141 0.0450 0.2025 0.5384
0.2924 0.0480 0.1305 0.5291
0.3039 0.0275 0.1363 0.5322
0.3015 0.0318 0.1525 0.5143

MOTIF filter8
letter-probability matrix: alength= 4 w= 7 nsites= 155910
0.2430 0.4289 0.0999 0.2281
0.2661 0.2804 0.0976 0.3558
0.3195 0.2949 0.1041 0.2815
0.3412 0.2015 0.0835 0.3738
0.2543 0.4624 0.0431 0.2402
0.1120 0.7054 0.0284 0.1542
0.0997 0.6730 0.0497 0.1776

MOTIF filter9
letter-probability matrix: alength= 4 w= 7 nsites= 183665
0.0821 0.1163 0.4707 0.3310
0.1496 0.2717 0.4547 0.1240
0.2203 0.3650 0.3016 0.1131
0.2416 0.3949 0.1132 0.2503
0.1390 0.3276 0.2031 0.3303
0.0549 0.3660 0.2081 0.3710
0.0504 0.5238 0.2042 0.2216

MOTIF filter10
letter-probability matrix: alength= 4 w= 7 nsites= 183472
0.4725 0.1565 0.3242 0.0468
0.4308 0.0708 0.3361 0.1623
0.2767 0.1015 0.4297 0.1921
0.3110 0.1363 0.3613 0.1914
0.4426 0.1567 0.2709 0.1298
0.3810 0.1072 0.3750 0.1368
0.4093 0.1073 0.3161 0.1673

MOTIF filter11
letter-probability matrix: alength= 4 w= 7 nsites= 91942
0.4501 0.1680 0.1791 0.2028
0.3124 0.1749 0.2666 0.2461
0.1669 0.1989 0.3653 0.2689
0.2932 0.2355 0.3805 0.0908
0.3078 0.2865 0.3368 0.0689
0.2987 0.3990 0.2290 0.0733
0.3507 0.3085 0.2484 0.0924

MOTIF filter12
letter-probability matrix: alength= 4 w= 7 nsites= 367514
0.1786 0.4419 0.0827 0.2968
0.1200 0.4127 0.0212 0.4460
0.1603 0.4417 0.0467 0.3513
0.1488 0.2992 0.1073 0.4448
0.1436 0.2328 0.2247 0.3988
0.0768 0.3768 0.1930 0.3534
0.1294 0.4103 0.1448 0.3155

MOTIF filter13
letter-probability matrix: alength= 4 w= 7 nsites= 323070
0.4125 0.1870 0.3223 0.0782
0.4141 0.1448 0.3845 0.0566
0.4228 0.0973 0.4333 0.0466
0.2614 0.2872 0.3905 0.0609
0.3380 0.3301 0.2911 0.0407
0.2670 0.3531 0.2085 0.1714
0.2848 0.1474 0.3094 0.2584

MOTIF filter14
letter-probability matrix: alength= 4 w= 7 nsites= 155433
0.1093 0.0496 0.7647 0.0764
0.1939 0.0354 0.7248 0.0459
0.1911 0.0278 0.5978 0.1833
0.2037 0.1743 0.4062 0.2159
0.1896 0.1770 0.2879 0.3455
0.1954 0.2325 0.2157 0.3564
0.2486 0.1505 0.1987 0.4022

MOTIF filter15
letter-probability matrix: alength= 4 w= 7 nsites= 172985
0.1875 0.3455 0.2369 0.2301
0.1664 0.4079 0.2151 0.2106
0.1247 0.5385 0.2067 0.1301
0.0781 0.6822 0.1465 0.0932
0.0576 0.7650 0.0890 0.0884
0.1175 0.7590 0.0369 0.0866
0.1853 0.6067 0.0813 0.1267

