MEME version 4

ALPHABET= ACGU

Background letter frequencies:
A 0.2468 C 0.2219 G 0.2038 U 0.3274

MOTIF filter0
letter-probability matrix: alength= 4 w= 7 nsites= 10401
0.3494 0.2907 0.3269 0.0331
0.3440 0.1982 0.3275 0.1303
0.2119 0.1633 0.4870 0.1378
0.1554 0.3351 0.3170 0.1925
0.1329 0.3791 0.2888 0.1991
0.2795 0.4312 0.0618 0.2275
0.3017 0.2369 0.2729 0.1885

MOTIF filter1
letter-probability matrix: alength= 4 w= 7 nsites= 25894
0.2426 0.0097 0.1826 0.5651
0.2419 0.0086 0.2813 0.4681
0.2202 0.0467 0.2291 0.5041
0.2174 0.0818 0.2916 0.4091
0.3393 0.1677 0.1908 0.3022
0.2937 0.1592 0.1192 0.4279
0.2308 0.1412 0.1070 0.5210

MOTIF filter2
letter-probability matrix: alength= 4 w= 7 nsites= 8054
0.2378 0.0586 0.2333 0.4703
0.2233 0.0846 0.3232 0.3690
0.2147 0.2445 0.3495 0.1914
0.1545 0.3984 0.2688 0.1783
0.0725 0.6498 0.1283 0.1494
0.0846 0.7111 0.0483 0.1560
0.1543 0.6807 0.0525 0.1126

MOTIF filter3
letter-probability matrix: alength= 4 w= 7 nsites= 21745
0.1166 0.5472 0.0847 0.2515
0.1224 0.5222 0.1136 0.2418
0.1265 0.4738 0.1279 0.2718
0.1336 0.3293 0.1191 0.4180
0.0861 0.2323 0.2045 0.4772
0.0548 0.4064 0.1725 0.3664
0.0485 0.4117 0.1789 0.3609

MOTIF filter4
letter-probability matrix: alength= 4 w= 7 nsites= 16050
0.0741 0.3442 0.1986 0.3831
0.0709 0.1576 0.3383 0.4332
0.0706 0.2043 0.2784 0.4466
0.1671 0.1618 0.2579 0.4131
0.2290 0.1114 0.1387 0.5210
0.3411 0.1914 0.1376 0.3299
0.2915 0.2801 0.0572 0.3711

MOTIF filter5
letter-probability matrix: alength= 4 w= 7 nsites= 23582
0.1416 0.0902 0.0592 0.7090
0.1448 0.0984 0.0811 0.6758
0.2454 0.0543 0.0828 0.6175
0.2323 0.0641 0.1158 0.5878
0.2874 0.0538 0.1004 0.5583
0.2114 0.0412 0.1240 0.6233
0.1985 0.0413 0.1439 0.6163

MOTIF filter6
letter-probability matrix: alength= 4 w= 7 nsites= 13900
0.2713 0.0291 0.6387 0.0609
0.3026 0.0424 0.5803 0.0747
0.2897 0.0548 0.4804 0.1751
0.2424 0.0925 0.3713 0.2937
0.2243 0.1911 0.1788 0.4059
0.2439 0.2332 0.1187 0.4042
0.2424 0.2665 0.1966 0.2944

MOTIF filter7
letter-probability matrix: alength= 4 w= 7 nsites= 25841
0.0678 0.4696 0.1146 0.3480
0.0899 0.1550 0.1150 0.6401
0.1586 0.2042 0.1338 0.5033
0.2215 0.1493 0.1201 0.5092
0.2996 0.1779 0.1827 0.3398
0.3090 0.0987 0.1750 0.4173
0.2901 0.1545 0.1666 0.3888

MOTIF filter8
letter-probability matrix: alength= 4 w= 7 nsites= 9381
0.3034 0.3299 0.2999 0.0668
0.2860 0.3138 0.3670 0.0332
0.1643 0.4015 0.3510 0.0832
0.1295 0.5681 0.2068 0.0956
0.2720 0.4279 0.1493 0.1508
0.2130 0.3516 0.3046 0.1307
0.2436 0.1615 0.3688 0.2261

MOTIF filter9
letter-probability matrix: alength= 4 w= 7 nsites= 22255
0.2168 0.3689 0.0889 0.3254
0.1640 0.4771 0.0622 0.2968
0.0898 0.4546 0.0642 0.3913
0.0474 0.4914 0.1226 0.3385
0.0233 0.3662 0.1031 0.5075
0.0101 0.4162 0.1588 0.4149
0.0368 0.2265 0.1883 0.5485

MOTIF filter10
letter-probability matrix: alength= 4 w= 7 nsites= 34751
0.1722 0.2552 0.1128 0.4598
0.1085 0.2228 0.1414 0.5274
0.0768 0.1869 0.1995 0.5368
0.0248 0.0636 0.2739 0.6377
0.0039 0.2094 0.3235 0.4633
0.0363 0.2634 0.2786 0.4217
0.0473 0.2651 0.2491 0.4385

MOTIF filter11
letter-probability matrix: alength= 4 w= 7 nsites= 10669
0.1921 0.3982 0.1867 0.2230
0.1845 0.3927 0.2944 0.1285
0.2036 0.4949 0.2298 0.0717
0.0996 0.5490 0.2241 0.1272
0.0927 0.6164 0.1373 0.1537
0.0510 0.6367 0.1635 0.1489
0.0799 0.6709 0.1682 0.0810

MOTIF filter12
letter-probability matrix: alength= 4 w= 7 nsites= 15923
0.4106 0.1881 0.3697 0.0315
0.5361 0.1766 0.2569 0.0304
0.3849 0.1417 0.1581 0.3153
0.4251 0.0853 0.1722 0.3174
0.3458 0.0793 0.2496 0.3253
0.4486 0.0878 0.3042 0.1594
0.3401 0.1168 0.3488 0.1943

MOTIF filter13
letter-probability matrix: alength= 4 w= 7 nsites= 10778
0.1706 0.2823 0.0876 0.4595
0.2111 0.3254 0.0620 0.4015
0.2771 0.3804 0.1143 0.2282
0.1966 0.4219 0.0802 0.3012
0.3610 0.2758 0.0668 0.2964
0.3042 0.2595 0.0279 0.4084
0.3421 0.3801 0.0674 0.2104

MOTIF filter14
letter-probability matrix: alength= 4 w= 7 nsites= 16970
0.1148 0.4429 0.2809 0.1614
0.1806 0.4992 0.1248 0.1954
0.3459 0.2685 0.1578 0.2277
0.2728 0.1598 0.4411 0.1263
0.3029 0.1296 0.4485 0.1190
0.1940 0.2380 0.4423 0.1257
0.2048 0.3038 0.2501 0.2413

MOTIF filter15
letter-probability matrix: alength= 4 w= 7 nsites= 29049
0.0789 0.2808 0.3130 0.3272
0.1784 0.1681 0.2838 0.3697
0.2411 0.2654 0.3363 0.1571
0.1826 0.3208 0.2486 0.2481
0.0944 0.3494 0.2053 0.3509
0.0803 0.3169 0.1478 0.4550
0.1195 0.3003 0.1920 0.3882

