MEME version 4

ALPHABET= ACGU

Background letter frequencies:
A 0.2441 C 0.2216 G 0.2059 U 0.3284

MOTIF filter0
letter-probability matrix: alength= 4 w= 7 nsites= 126365
0.2435 0.1764 0.3324 0.2477
0.0553 0.3359 0.5490 0.0597
0.2832 0.0851 0.2986 0.3332
0.1086 0.2865 0.3439 0.2610
0.1342 0.0087 0.0023 0.8548
0.0337 0.0489 0.3483 0.5691
0.0318 0.8929 0.0748 0.0004

MOTIF filter1
letter-probability matrix: alength= 4 w= 7 nsites= 109340
0.2632 0.5204 0.1739 0.0425
0.2282 0.3259 0.0671 0.3788
0.0131 0.4593 0.0510 0.4766
0.1020 0.8173 0.0612 0.0195
0.2374 0.5385 0.2060 0.0181
0.4495 0.4768 0.0220 0.0517
0.1266 0.3298 0.3689 0.1747

MOTIF filter2
letter-probability matrix: alength= 4 w= 7 nsites= 97797
0.2396 0.2864 0.2763 0.1977
0.0557 0.2975 0.1348 0.5119
0.7813 0.0348 0.1503 0.0336
0.3292 0.1149 0.4918 0.0641
0.5094 0.0161 0.3900 0.0845
0.2417 0.0925 0.4479 0.2180
0.3802 0.1904 0.3051 0.1243

MOTIF filter3
letter-probability matrix: alength= 4 w= 7 nsites= 34397
0.2849 0.4806 0.0608 0.1737
0.5090 0.4795 0.0000 0.0115
0.0802 0.1167 0.8031 0.0000
0.2361 0.1837 0.0027 0.5775
0.1825 0.3582 0.1978 0.2615
0.2260 0.4224 0.2263 0.1253
0.2597 0.2331 0.4081 0.0992

MOTIF filter4
letter-probability matrix: alength= 4 w= 7 nsites= 62398
0.3046 0.3927 0.2271 0.0756
0.2621 0.2778 0.2998 0.1603
0.2867 0.1912 0.3298 0.1924
0.4540 0.1466 0.3020 0.0974
0.0084 0.0181 0.0352 0.9382
0.6329 0.0717 0.2350 0.0603
0.4991 0.1298 0.3248 0.0464

MOTIF filter5
letter-probability matrix: alength= 4 w= 7 nsites= 98598
0.0090 0.0266 0.3216 0.6428
0.0728 0.8136 0.1061 0.0075
0.3411 0.1856 0.0733 0.3999
0.3507 0.1854 0.1058 0.3581
0.2284 0.1609 0.2289 0.3818
0.0478 0.3828 0.3294 0.2400
0.1622 0.2574 0.1913 0.3892

MOTIF filter6
letter-probability matrix: alength= 4 w= 7 nsites= 100720
0.3156 0.0823 0.0241 0.5780
0.0056 0.4974 0.0102 0.4868
0.2365 0.4083 0.0355 0.3197
0.1228 0.3457 0.0256 0.5059
0.2986 0.0990 0.0059 0.5964
0.1657 0.2185 0.0747 0.5411
0.3973 0.2932 0.0373 0.2721

MOTIF filter7
letter-probability matrix: alength= 4 w= 7 nsites= 52220
0.3207 0.2184 0.4237 0.0371
0.1325 0.0146 0.8358 0.0171
0.0284 0.0645 0.7910 0.1162
0.2076 0.1483 0.4466 0.1976
0.2011 0.0542 0.6391 0.1056
0.3714 0.0836 0.3466 0.1984
0.2155 0.2468 0.3118 0.2258

MOTIF filter8
letter-probability matrix: alength= 4 w= 7 nsites= 142873
0.3636 0.1378 0.4475 0.0511
0.2162 0.4262 0.1105 0.2470
0.5304 0.1425 0.0748 0.2522
0.4658 0.0428 0.4481 0.0433
0.0003 0.1849 0.0001 0.8147
0.5471 0.0009 0.4448 0.0071
0.2259 0.2193 0.1328 0.4220

MOTIF filter9
letter-probability matrix: alength= 4 w= 7 nsites= 239166
0.3179 0.1906 0.2529 0.2386
0.4241 0.1495 0.1540 0.2724
0.2747 0.1831 0.2139 0.3284
0.4075 0.2151 0.0349 0.3425
0.1644 0.0262 0.3206 0.4888
0.2564 0.0010 0.0017 0.7409
0.0552 0.9245 0.0203 0.0000

MOTIF filter10
letter-probability matrix: alength= 4 w= 7 nsites= 68104
0.0970 0.1895 0.1491 0.5644
0.3560 0.0662 0.1790 0.3987
0.4735 0.0894 0.2250 0.2121
0.1895 0.1769 0.2567 0.3769
0.7598 0.0173 0.1066 0.1164
0.1226 0.2076 0.2808 0.3890
0.5570 0.0140 0.3155 0.1135

MOTIF filter11
letter-probability matrix: alength= 4 w= 7 nsites= 91013
0.0000 0.9557 0.0443 0.0000
0.0000 0.0098 0.2152 0.7749
0.0563 0.0043 0.3390 0.6005
0.0728 0.1353 0.1449 0.6470
0.1959 0.3210 0.1610 0.3220
0.0799 0.3003 0.2354 0.3844
0.1754 0.2532 0.1587 0.4127

MOTIF filter12
letter-probability matrix: alength= 4 w= 7 nsites= 89161
0.2387 0.0969 0.5024 0.1619
0.1900 0.2407 0.4086 0.1608
0.2919 0.3290 0.1692 0.2100
0.1725 0.0350 0.3849 0.4076
0.1001 0.1875 0.7107 0.0017
0.0085 0.8697 0.1217 0.0000
0.1572 0.6898 0.1453 0.0077

MOTIF filter13
letter-probability matrix: alength= 4 w= 7 nsites= 47930
0.0058 0.7180 0.2681 0.0081
0.2016 0.3283 0.4129 0.0572
0.6151 0.0736 0.1543 0.1570
0.2807 0.1097 0.2690 0.3406
0.5731 0.1702 0.1571 0.0996
0.2995 0.2276 0.1940 0.2789
0.5092 0.1513 0.1635 0.1760

MOTIF filter14
letter-probability matrix: alength= 4 w= 7 nsites= 48138
0.3314 0.0525 0.0523 0.5638
0.2390 0.0919 0.3258 0.3433
0.2418 0.5736 0.1319 0.0527
0.2393 0.0914 0.0379 0.6314
0.0321 0.2752 0.0378 0.6548
0.0296 0.0045 0.5982 0.3678
0.0145 0.1053 0.8801 0.0000

MOTIF filter15
letter-probability matrix: alength= 4 w= 7 nsites= 265597
0.3184 0.0014 0.0085 0.6716
0.1988 0.0104 0.1207 0.6701
0.2575 0.0002 0.0303 0.7119
0.1119 0.0003 0.2109 0.6769
0.3088 0.0196 0.0722 0.5994
0.3722 0.0511 0.1124 0.4643
0.3285 0.1483 0.1349 0.3883

