MEME version 4

ALPHABET= ACGU

Background letter frequencies:
A 0.2866 C 0.1918 G 0.2014 U 0.3202

MOTIF filter0
letter-probability matrix: alength= 4 w= 7 nsites= 12225
0.3641 0.0781 0.2922 0.2657
0.4551 0.0960 0.2770 0.1719
0.4035 0.1908 0.2183 0.1873
0.4637 0.2175 0.1590 0.1599
0.3014 0.2017 0.2659 0.2309
0.1285 0.1474 0.4804 0.2437
0.2029 0.1043 0.4284 0.2644

MOTIF filter1
letter-probability matrix: alength= 4 w= 7 nsites= 15299
0.1546 0.1751 0.1015 0.5688
0.0484 0.1928 0.1909 0.5680
0.0620 0.3033 0.2479 0.3867
0.3599 0.2301 0.2552 0.1549
0.5200 0.1973 0.2014 0.0813
0.6968 0.0518 0.1243 0.1271
0.5083 0.1681 0.1846 0.1391

MOTIF filter2
letter-probability matrix: alength= 4 w= 7 nsites= 13163
0.3716 0.0815 0.1432 0.4037
0.1892 0.1798 0.0793 0.5518
0.1571 0.2773 0.0703 0.4954
0.2583 0.4068 0.0575 0.2774
0.4109 0.3153 0.0891 0.1848
0.5164 0.2168 0.1104 0.1564
0.4106 0.0709 0.3746 0.1439

MOTIF filter3
letter-probability matrix: alength= 4 w= 7 nsites= 14286
0.3027 0.1650 0.2649 0.2675
0.1512 0.0966 0.4686 0.2836
0.1838 0.0501 0.5797 0.1864
0.2746 0.1790 0.4992 0.0472
0.4107 0.2020 0.2742 0.1132
0.3724 0.1924 0.2136 0.2215
0.2580 0.0800 0.3172 0.3448

MOTIF filter4
letter-probability matrix: alength= 4 w= 7 nsites= 13686
0.2407 0.1966 0.3461 0.2167
0.2717 0.1859 0.3697 0.1728
0.2932 0.2551 0.2618 0.1898
0.2173 0.3893 0.2239 0.1695
0.2066 0.4346 0.1971 0.1617
0.3041 0.4469 0.0935 0.1555
0.2921 0.2976 0.1273 0.2830

MOTIF filter5
letter-probability matrix: alength= 4 w= 7 nsites= 29124
0.3128 0.2564 0.1536 0.2773
0.2729 0.2201 0.1894 0.3176
0.2419 0.1825 0.1674 0.4082
0.2372 0.1274 0.3092 0.3262
0.2938 0.0909 0.3058 0.3094
0.2951 0.0523 0.3626 0.2900
0.2320 0.0495 0.4610 0.2575

MOTIF filter6
letter-probability matrix: alength= 4 w= 7 nsites= 10874
0.1856 0.4642 0.1873 0.1629
0.1672 0.5616 0.0898 0.1814
0.1042 0.6913 0.0945 0.1099
0.2324 0.5619 0.0438 0.1619
0.1959 0.3680 0.3084 0.1277
0.2517 0.2235 0.3904 0.1344
0.1279 0.3413 0.4798 0.0510

MOTIF filter7
letter-probability matrix: alength= 4 w= 7 nsites= 30766
0.3492 0.0518 0.2822 0.3167
0.3787 0.0748 0.2275 0.3189
0.3684 0.1144 0.1632 0.3540
0.3747 0.1460 0.0589 0.4203
0.3541 0.1094 0.0684 0.4681
0.2472 0.0690 0.3682 0.3156
0.2566 0.0823 0.3447 0.3164

MOTIF filter8
letter-probability matrix: alength= 4 w= 7 nsites= 23652
0.4010 0.1294 0.1564 0.3133
0.2473 0.1557 0.1562 0.4408
0.3083 0.1551 0.1884 0.3482
0.4945 0.1013 0.1231 0.2811
0.7150 0.0395 0.1215 0.1240
0.6852 0.0941 0.0478 0.1729
0.5193 0.1032 0.1633 0.2142

MOTIF filter9
letter-probability matrix: alength= 4 w= 7 nsites= 19674
0.4822 0.0554 0.1911 0.2713
0.4866 0.0806 0.2433 0.1894
0.5094 0.0968 0.2189 0.1749
0.6440 0.0710 0.1616 0.1235
0.7061 0.0259 0.1503 0.1178
0.5507 0.0071 0.3050 0.1372
0.4153 0.0075 0.2707 0.3064

MOTIF filter10
letter-probability matrix: alength= 4 w= 7 nsites= 15300
0.3895 0.1847 0.2492 0.1767
0.3391 0.2435 0.2418 0.1756
0.3463 0.2284 0.1695 0.2558
0.2015 0.1250 0.4876 0.1860
0.2167 0.1229 0.4739 0.1864
0.3150 0.1881 0.3280 0.1690
0.4445 0.2505 0.0337 0.2712

MOTIF filter11
letter-probability matrix: alength= 4 w= 7 nsites= 16641
0.5795 0.1527 0.1497 0.1181
0.4711 0.1570 0.1409 0.2309
0.3791 0.0945 0.1837 0.3427
0.3090 0.0541 0.2647 0.3722
0.1807 0.1731 0.2652 0.3810
0.2747 0.2425 0.2471 0.2357
0.3500 0.2878 0.0335 0.3286

MOTIF filter12
letter-probability matrix: alength= 4 w= 7 nsites= 15998
0.2932 0.0797 0.2950 0.3321
0.1917 0.0816 0.3126 0.4140
0.1932 0.1152 0.2723 0.4193
0.3140 0.0722 0.2700 0.3438
0.3581 0.0806 0.3493 0.2120
0.4065 0.1259 0.2112 0.2565
0.2127 0.2254 0.2118 0.3501

MOTIF filter13
letter-probability matrix: alength= 4 w= 7 nsites= 10313
0.4080 0.1051 0.2540 0.2329
0.3805 0.2171 0.2681 0.1342
0.5071 0.1965 0.1859 0.1105
0.4110 0.2409 0.0596 0.2886
0.6043 0.0871 0.0344 0.2741
0.3511 0.2575 0.0787 0.3127
0.2949 0.2772 0.1335 0.2945

MOTIF filter14
letter-probability matrix: alength= 4 w= 7 nsites= 19358
0.3028 0.4097 0.0215 0.2660
0.2729 0.3532 0.0456 0.3284
0.4598 0.2343 0.0544 0.2515
0.4771 0.2484 0.0590 0.2156
0.4641 0.2097 0.0340 0.2922
0.3704 0.3231 0.0311 0.2754
0.3447 0.2433 0.0165 0.3955

MOTIF filter15
letter-probability matrix: alength= 4 w= 7 nsites= 82423
0.2504 0.1262 0.3939 0.2294
0.3776 0.1664 0.0842 0.3718
0.3605 0.1430 0.1413 0.3552
0.3195 0.1492 0.1880 0.3433
0.2890 0.1675 0.2352 0.3082
0.3030 0.1654 0.2029 0.3286
0.3028 0.1642 0.2043 0.3287

