MEME version 4

ALPHABET= ACGU

Background letter frequencies:
A 0.2859 C 0.1918 G 0.2005 U 0.3217

MOTIF filter0
letter-probability matrix: alength= 4 w= 7 nsites= 68172
0.3579 0.1950 0.3175 0.1296
0.3981 0.1228 0.2851 0.1939
0.3229 0.1027 0.4024 0.1720
0.2236 0.1357 0.5485 0.0922
0.2649 0.1380 0.3719 0.2253
0.1210 0.1518 0.2982 0.4290
0.1370 0.2165 0.1992 0.4473

MOTIF filter1
letter-probability matrix: alength= 4 w= 7 nsites= 169341
0.3799 0.1332 0.0991 0.3878
0.4489 0.1145 0.1203 0.3163
0.2719 0.0436 0.4136 0.2709
0.3552 0.0110 0.4911 0.1427
0.3964 0.0228 0.4720 0.1089
0.4916 0.0317 0.2131 0.2636
0.4471 0.0312 0.1680 0.3537

MOTIF filter2
letter-probability matrix: alength= 4 w= 7 nsites= 89434
0.2281 0.1567 0.4419 0.1732
0.0856 0.3180 0.2928 0.3036
0.0882 0.3346 0.1041 0.4732
0.1387 0.2994 0.1784 0.3835
0.2883 0.1671 0.2907 0.2538
0.3299 0.1836 0.3763 0.1102
0.2821 0.1615 0.4727 0.0838

MOTIF filter3
letter-probability matrix: alength= 4 w= 7 nsites= 81212
0.2025 0.1776 0.0578 0.5620
0.2978 0.2367 0.0657 0.3999
0.2355 0.2451 0.0496 0.4697
0.3143 0.2501 0.0414 0.3942
0.2512 0.3545 0.0376 0.3567
0.2266 0.4870 0.0274 0.2591
0.1891 0.6049 0.0419 0.1640

MOTIF filter4
letter-probability matrix: alength= 4 w= 7 nsites= 120935
0.3620 0.2727 0.1250 0.2403
0.4006 0.2584 0.1062 0.2348
0.2757 0.2234 0.3229 0.1780
0.3503 0.1427 0.2994 0.2077
0.2154 0.0744 0.5916 0.1186
0.2920 0.1135 0.3796 0.2149
0.2634 0.1192 0.3987 0.2186

MOTIF filter5
letter-probability matrix: alength= 4 w= 7 nsites= 158036
0.1827 0.2045 0.3510 0.2617
0.2103 0.2464 0.2287 0.3146
0.1936 0.2225 0.2829 0.3010
0.1669 0.2905 0.2889 0.2537
0.2409 0.3234 0.0777 0.3580
0.2215 0.2642 0.1845 0.3297
0.2189 0.2250 0.2252 0.3309

MOTIF filter6
letter-probability matrix: alength= 4 w= 7 nsites= 138194
0.0828 0.1225 0.1705 0.6241
0.1428 0.1573 0.2188 0.4810
0.2745 0.1505 0.2858 0.2892
0.4279 0.1610 0.3525 0.0586
0.3499 0.2929 0.3098 0.0474
0.3267 0.2615 0.2046 0.2072
0.2454 0.3278 0.2172 0.2097

MOTIF filter7
letter-probability matrix: alength= 4 w= 7 nsites= 148906
0.2278 0.1270 0.1874 0.4578
0.0779 0.0982 0.2047 0.6192
0.2193 0.1024 0.1283 0.5500
0.4612 0.0767 0.0728 0.3893
0.5738 0.0633 0.1560 0.2069
0.6339 0.0248 0.1581 0.1832
0.5501 0.0295 0.2482 0.1723

MOTIF filter8
letter-probability matrix: alength= 4 w= 7 nsites= 287785
0.3681 0.0814 0.0844 0.4660
0.3416 0.1498 0.0469 0.4616
0.3832 0.2467 0.0441 0.3260
0.3185 0.2060 0.0454 0.4301
0.3256 0.1391 0.1037 0.4316
0.2757 0.0433 0.0878 0.5932
0.3274 0.0737 0.1238 0.4751

MOTIF filter9
letter-probability matrix: alength= 4 w= 7 nsites= 49603
0.2314 0.1229 0.5268 0.1189
0.1597 0.1697 0.5413 0.1293
0.2615 0.1973 0.4745 0.0667
0.2331 0.3331 0.3415 0.0923
0.1994 0.2973 0.3064 0.1969
0.0556 0.2429 0.5186 0.1829
0.0635 0.3238 0.4408 0.1719

MOTIF filter10
letter-probability matrix: alength= 4 w= 7 nsites= 130133
0.3585 0.1022 0.3082 0.2311
0.5801 0.0636 0.2008 0.1555
0.5775 0.0927 0.0044 0.3254
0.5432 0.0999 0.0046 0.3523
0.4441 0.1784 0.0061 0.3714
0.4522 0.1692 0.0488 0.3298
0.3160 0.1638 0.2638 0.2564

MOTIF filter11
letter-probability matrix: alength= 4 w= 7 nsites= 209055
0.3054 0.3476 0.0846 0.2625
0.3359 0.3258 0.0807 0.2576
0.3390 0.3366 0.1362 0.1883
0.3107 0.3346 0.1881 0.1667
0.3122 0.3633 0.1988 0.1257
0.3638 0.2763 0.1678 0.1921
0.2944 0.1535 0.3899 0.1622

MOTIF filter12
letter-probability matrix: alength= 4 w= 7 nsites= 70471
0.4048 0.3541 0.0172 0.2239
0.2252 0.3397 0.0415 0.3936
0.1828 0.2831 0.0462 0.4880
0.1459 0.4147 0.0377 0.4016
0.1616 0.5064 0.0222 0.3098
0.1573 0.3852 0.1480 0.3096
0.1245 0.2248 0.3790 0.2717

MOTIF filter13
letter-probability matrix: alength= 4 w= 7 nsites= 91647
0.0371 0.3035 0.2146 0.4448
0.1815 0.3039 0.1798 0.3347
0.2279 0.1468 0.2955 0.3299
0.2258 0.1253 0.4549 0.1940
0.0972 0.2633 0.4018 0.2376
0.0398 0.2788 0.2581 0.4233
0.1398 0.2078 0.1103 0.5421

MOTIF filter14
letter-probability matrix: alength= 4 w= 7 nsites= 569378
0.2614 0.1834 0.1901 0.3651
0.2786 0.1802 0.1854 0.3557
0.2861 0.1760 0.2002 0.3377
0.2872 0.1377 0.2005 0.3746
0.2745 0.1488 0.1950 0.3818
0.2481 0.1126 0.2253 0.4139
0.1609 0.1104 0.4361 0.2925

MOTIF filter15
letter-probability matrix: alength= 4 w= 7 nsites= 77079
0.0275 0.4647 0.2432 0.2647
0.1255 0.4936 0.1089 0.2721
0.1786 0.4571 0.2152 0.1490
0.2046 0.2189 0.4281 0.1484
0.1112 0.2908 0.4912 0.1068
0.1436 0.3948 0.3492 0.1124
0.1443 0.5040 0.1190 0.2326

