MEME version 4

ALPHABET= ACGU

Background letter frequencies:
A 0.2868 C 0.1912 G 0.2008 U 0.3212

MOTIF filter0
letter-probability matrix: alength= 4 w= 7 nsites= 93234
0.3559 0.1027 0.0000 0.5414
0.2393 0.1038 0.0003 0.6566
0.2147 0.1265 0.0154 0.6434
0.1724 0.4232 0.0386 0.3658
0.5365 0.1627 0.0419 0.2589
0.1852 0.3069 0.2228 0.2851
0.2126 0.0490 0.2286 0.5098

MOTIF filter1
letter-probability matrix: alength= 4 w= 7 nsites= 61277
0.0476 0.0679 0.3182 0.5663
0.3316 0.2261 0.3260 0.1163
0.2310 0.0552 0.3407 0.3731
0.0063 0.1576 0.3340 0.5021
0.0947 0.1213 0.4895 0.2945
0.0491 0.0649 0.2924 0.5936
0.0483 0.2242 0.1819 0.5456

MOTIF filter2
letter-probability matrix: alength= 4 w= 7 nsites= 33886
0.4164 0.0712 0.2955 0.2168
0.3285 0.1850 0.4125 0.0740
0.0302 0.0124 0.2129 0.7445
0.3728 0.2394 0.1685 0.2193
0.5410 0.1075 0.1991 0.1524
0.0295 0.0298 0.0893 0.8514
0.2719 0.3607 0.1762 0.1913

MOTIF filter3
letter-probability matrix: alength= 4 w= 7 nsites= 67933
0.3574 0.2569 0.1174 0.2683
0.4368 0.0497 0.0978 0.4157
0.0216 0.0001 0.9617 0.0166
0.3149 0.1760 0.2268 0.2823
0.4806 0.0651 0.0091 0.4452
0.0589 0.0513 0.8094 0.0804
0.2811 0.2226 0.1864 0.3099

MOTIF filter4
letter-probability matrix: alength= 4 w= 7 nsites= 23941
0.0004 0.0089 0.0147 0.9761
0.0740 0.7420 0.1500 0.0340
0.0994 0.2964 0.0798 0.5245
0.5322 0.0921 0.3274 0.0482
0.1648 0.0983 0.4806 0.2563
0.3922 0.0756 0.5150 0.0172
0.0869 0.3911 0.3549 0.1671

MOTIF filter5
letter-probability matrix: alength= 4 w= 7 nsites= 16375
0.0090 0.7322 0.0677 0.1911
0.5127 0.1749 0.0291 0.2833
0.0543 0.6632 0.2527 0.0299
0.1203 0.5995 0.0983 0.1819
0.1313 0.6631 0.0067 0.1990
0.2384 0.4000 0.1694 0.1922
0.1452 0.7461 0.0730 0.0357

MOTIF filter6
letter-probability matrix: alength= 4 w= 7 nsites= 52569
0.7915 0.0056 0.0202 0.1827
0.0122 0.0110 0.9768 0.0000
0.4823 0.2423 0.1168 0.1586
0.3421 0.1962 0.2042 0.2574
0.6069 0.1015 0.0001 0.2915
0.3867 0.1045 0.4267 0.0822
0.4817 0.1933 0.1732 0.1517

MOTIF filter7
letter-probability matrix: alength= 4 w= 7 nsites= 53170
0.4029 0.1251 0.0081 0.4639
0.1170 0.1831 0.0270 0.6729
0.5813 0.0295 0.0618 0.3274
0.4378 0.1028 0.0111 0.4484
0.1769 0.4257 0.0905 0.3069
0.1197 0.2415 0.0388 0.6000
0.0571 0.8262 0.0264 0.0903

MOTIF filter8
letter-probability matrix: alength= 4 w= 7 nsites= 139011
0.4503 0.2249 0.0115 0.3132
0.1975 0.1408 0.3726 0.2891
0.1986 0.2465 0.2196 0.3353
0.2444 0.2050 0.3118 0.2389
0.2897 0.2429 0.0850 0.3824
0.2046 0.2655 0.2681 0.2618
0.2582 0.2874 0.0679 0.3866

MOTIF filter9
letter-probability matrix: alength= 4 w= 7 nsites= 28662
0.4138 0.1611 0.0975 0.3276
0.1340 0.2093 0.0130 0.6437
0.4283 0.4869 0.0038 0.0810
0.3778 0.3132 0.0233 0.2857
0.0456 0.0000 0.0000 0.9544
0.2321 0.5268 0.0052 0.2359
0.3602 0.2779 0.0014 0.3606

MOTIF filter10
letter-probability matrix: alength= 4 w= 7 nsites= 34355
0.0077 0.1724 0.5478 0.2721
0.3870 0.0116 0.1865 0.4149
0.6364 0.0578 0.0522 0.2536
0.2275 0.2792 0.0654 0.4278
0.4276 0.1069 0.4321 0.0334
0.2392 0.1513 0.4706 0.1389
0.1907 0.2226 0.2437 0.3429

MOTIF filter11
letter-probability matrix: alength= 4 w= 7 nsites= 28587
0.0753 0.5133 0.1993 0.2120
0.3376 0.4108 0.1023 0.1493
0.2065 0.4644 0.1947 0.1344
0.9405 0.0000 0.0035 0.0560
0.1775 0.0965 0.1099 0.6161
0.0217 0.1268 0.8515 0.0000
0.0935 0.4564 0.0704 0.3797

MOTIF filter12
letter-probability matrix: alength= 4 w= 7 nsites= 42006
0.2742 0.0199 0.2401 0.4657
0.4194 0.0613 0.2198 0.2995
0.0027 0.8878 0.0000 0.1095
0.0430 0.0059 0.0067 0.9444
0.1976 0.3526 0.0006 0.4493
0.3626 0.1829 0.0157 0.4388
0.4883 0.1519 0.2139 0.1458

MOTIF filter13
letter-probability matrix: alength= 4 w= 7 nsites= 104183
0.3424 0.1156 0.1237 0.4182
0.4077 0.0251 0.0264 0.5408
0.0000 0.0000 0.9993 0.0007
0.4065 0.0682 0.0000 0.5253
0.3707 0.0091 0.3551 0.2650
0.3970 0.1393 0.0880 0.3756
0.3413 0.1283 0.0780 0.4524

MOTIF filter14
letter-probability matrix: alength= 4 w= 7 nsites= 62562
0.8080 0.0253 0.0000 0.1667
0.2642 0.2788 0.0001 0.4569
0.2797 0.1915 0.0004 0.5284
0.3431 0.3879 0.0000 0.2690
0.4326 0.3758 0.0023 0.1892
0.2078 0.1998 0.2101 0.3823
0.2510 0.1252 0.2977 0.3261

MOTIF filter15
letter-probability matrix: alength= 4 w= 7 nsites= 41972
0.5166 0.0794 0.1343 0.2697
0.0014 0.0602 0.7927 0.1457
0.3519 0.0012 0.6440 0.0029
0.2520 0.1585 0.5204 0.0691
0.5342 0.0693 0.0947 0.3018
0.2652 0.2048 0.2295 0.3005
0.3014 0.0439 0.2110 0.4438

