MEME version 4

ALPHABET= ACGU

Background letter frequencies:
A 0.2454 C 0.2306 G 0.2477 U 0.2763

MOTIF filter0
letter-probability matrix: alength= 4 w= 7 nsites= 47556
0.4784 0.1534 0.3287 0.0394
0.3692 0.2078 0.2596 0.1635
0.2050 0.3353 0.2583 0.2013
0.3499 0.3059 0.1067 0.2375
0.2897 0.2146 0.3865 0.1092
0.3438 0.1158 0.4211 0.1194
0.0884 0.2300 0.5614 0.1203

MOTIF filter1
letter-probability matrix: alength= 4 w= 7 nsites= 60407
0.2081 0.1703 0.3684 0.2531
0.2401 0.2397 0.3751 0.1451
0.1736 0.2884 0.4156 0.1224
0.1838 0.2802 0.4422 0.0938
0.1971 0.2344 0.5100 0.0585
0.2167 0.1320 0.6098 0.0415
0.2144 0.0839 0.6521 0.0496

MOTIF filter2
letter-probability matrix: alength= 4 w= 7 nsites= 61211
0.2645 0.0418 0.4192 0.2745
0.2909 0.0609 0.4301 0.2182
0.3743 0.1834 0.2198 0.2225
0.3264 0.3130 0.1611 0.1995
0.3431 0.3052 0.2170 0.1347
0.2625 0.3397 0.2838 0.1140
0.1811 0.2787 0.3260 0.2143

MOTIF filter3
letter-probability matrix: alength= 4 w= 7 nsites= 68055
0.2810 0.2516 0.2397 0.2277
0.4840 0.2194 0.1415 0.1550
0.4770 0.2513 0.1390 0.1327
0.3997 0.3131 0.0782 0.2090
0.3197 0.4186 0.0407 0.2210
0.2316 0.3657 0.0478 0.3548
0.1638 0.2129 0.1968 0.4266

MOTIF filter4
letter-probability matrix: alength= 4 w= 7 nsites= 57777
0.3971 0.3035 0.1432 0.1562
0.4807 0.1972 0.1975 0.1245
0.3530 0.0866 0.3430 0.2174
0.2757 0.0812 0.3598 0.2833
0.0850 0.0733 0.5139 0.3279
0.1886 0.2179 0.3842 0.2093
0.2622 0.2524 0.2900 0.1954

MOTIF filter5
letter-probability matrix: alength= 4 w= 7 nsites= 31159
0.1268 0.5922 0.1440 0.1370
0.1436 0.4867 0.1514 0.2182
0.1534 0.2501 0.4065 0.1899
0.2399 0.2090 0.3435 0.2076
0.2456 0.1520 0.4876 0.1148
0.2171 0.3242 0.2813 0.1774
0.0935 0.4404 0.3166 0.1496

MOTIF filter6
letter-probability matrix: alength= 4 w= 7 nsites= 55088
0.1636 0.0446 0.5101 0.2818
0.0744 0.1679 0.5489 0.2088
0.0833 0.2335 0.4065 0.2768
0.2042 0.2357 0.2171 0.3430
0.3110 0.1147 0.1402 0.4342
0.3210 0.0592 0.3835 0.2363
0.2752 0.0415 0.4853 0.1980

MOTIF filter7
letter-probability matrix: alength= 4 w= 7 nsites= 36811
0.1568 0.4711 0.1435 0.2286
0.1091 0.4111 0.2311 0.2487
0.1660 0.3052 0.2654 0.2634
0.1182 0.2554 0.3878 0.2387
0.0944 0.3024 0.5422 0.0611
0.1941 0.2287 0.5500 0.0272
0.2267 0.2190 0.4385 0.1158

MOTIF filter8
letter-probability matrix: alength= 4 w= 7 nsites= 47032
0.1807 0.1189 0.3989 0.3015
0.3438 0.0914 0.2989 0.2659
0.4990 0.0959 0.2927 0.1124
0.4633 0.2048 0.1452 0.1867
0.2396 0.1911 0.2330 0.3363
0.1425 0.1694 0.3068 0.3812
0.1886 0.1257 0.2232 0.4625

MOTIF filter9
letter-probability matrix: alength= 4 w= 7 nsites= 52646
0.4457 0.1048 0.2457 0.2038
0.4420 0.1641 0.1488 0.2452
0.4870 0.2060 0.1757 0.1313
0.3445 0.1236 0.3409 0.1910
0.2959 0.1353 0.4504 0.1184
0.3631 0.1029 0.3943 0.1397
0.3566 0.1101 0.4575 0.0758

MOTIF filter10
letter-probability matrix: alength= 4 w= 7 nsites= 46197
0.2117 0.2561 0.4443 0.0879
0.2691 0.3817 0.3101 0.0392
0.1274 0.4637 0.1765 0.2324
0.1297 0.3690 0.0800 0.4213
0.0631 0.2015 0.2100 0.5254
0.0661 0.0929 0.4793 0.3617
0.0940 0.0652 0.6177 0.2230

MOTIF filter11
letter-probability matrix: alength= 4 w= 7 nsites= 55162
0.1913 0.2762 0.0250 0.5075
0.1456 0.3736 0.0113 0.4695
0.2023 0.4526 0.0126 0.3325
0.2476 0.3163 0.0971 0.3389
0.3254 0.2992 0.1535 0.2218
0.4210 0.2300 0.1595 0.1895
0.4958 0.1865 0.1469 0.1708

MOTIF filter12
letter-probability matrix: alength= 4 w= 7 nsites= 41771
0.1470 0.4778 0.1005 0.2747
0.2499 0.2665 0.1239 0.3597
0.2857 0.1945 0.1765 0.3432
0.3814 0.1856 0.1853 0.2478
0.3321 0.2510 0.2328 0.1841
0.3769 0.2222 0.2798 0.1211
0.5116 0.1883 0.2298 0.0702

MOTIF filter13
letter-probability matrix: alength= 4 w= 7 nsites= 52055
0.2968 0.0255 0.1358 0.5418
0.2586 0.0317 0.1882 0.5214
0.1738 0.1599 0.1743 0.4920
0.4065 0.1800 0.1498 0.2636
0.4388 0.2587 0.1625 0.1400
0.6121 0.1754 0.1155 0.0970
0.4253 0.2223 0.2673 0.0852

MOTIF filter14
letter-probability matrix: alength= 4 w= 7 nsites= 52174
0.4324 0.1063 0.1545 0.3068
0.3312 0.0690 0.4019 0.1979
0.1977 0.0999 0.4826 0.2199
0.1873 0.1663 0.5288 0.1176
0.2170 0.1666 0.3897 0.2267
0.1395 0.2817 0.3475 0.2313
0.2386 0.1981 0.2688 0.2946

MOTIF filter15
letter-probability matrix: alength= 4 w= 7 nsites= 31829
0.3373 0.0524 0.2512 0.3591
0.4913 0.0536 0.1264 0.3287
0.5104 0.0724 0.1445 0.2728
0.4331 0.1278 0.1114 0.3277
0.3739 0.1171 0.1668 0.3422
0.3221 0.1731 0.2856 0.2193
0.3111 0.1167 0.4072 0.1650

