MEME version 4

ALPHABET= ACGU

Background letter frequencies:
A 0.2399 C 0.2307 G 0.2551 U 0.2743

MOTIF filter0
letter-probability matrix: alength= 4 w= 7 nsites= 5562
0.2355 0.1430 0.2199 0.4015
0.0900 0.1186 0.3088 0.4826
0.1459 0.2718 0.1842 0.3981
0.3832 0.2169 0.1980 0.2019
0.4774 0.2530 0.1448 0.1249
0.4010 0.0929 0.3670 0.1391
0.2041 0.1110 0.4125 0.2724

MOTIF filter1
letter-probability matrix: alength= 4 w= 7 nsites= 5516
0.2013 0.2663 0.2918 0.2406
0.2033 0.2330 0.2614 0.3024
0.1351 0.4625 0.1498 0.2525
0.1062 0.3853 0.3085 0.2000
0.2678 0.3850 0.2904 0.0569
0.3283 0.1670 0.4250 0.0797
0.3520 0.1292 0.2774 0.2415

MOTIF filter2
letter-probability matrix: alength= 4 w= 7 nsites= 7117
0.2341 0.1453 0.4730 0.1476
0.0900 0.1890 0.5126 0.2084
0.1042 0.3259 0.4461 0.1237
0.1431 0.3540 0.3085 0.1944
0.1548 0.4328 0.1328 0.2796
0.1716 0.4174 0.0639 0.3471
0.1070 0.3426 0.1507 0.3997

MOTIF filter3
letter-probability matrix: alength= 4 w= 7 nsites= 4002
0.2212 0.2022 0.5067 0.0699
0.2494 0.2766 0.3055 0.1685
0.0684 0.3178 0.4421 0.1717
0.1375 0.3610 0.2000 0.3015
0.1473 0.2519 0.3784 0.2224
0.1348 0.1972 0.4843 0.1837
0.0734 0.2224 0.4863 0.2179

MOTIF filter4
letter-probability matrix: alength= 4 w= 7 nsites= 4542
0.1573 0.3872 0.2855 0.1700
0.1753 0.3713 0.2604 0.1929
0.1421 0.2642 0.2560 0.3377
0.1408 0.1687 0.3548 0.3357
0.0840 0.0636 0.5537 0.2987
0.2457 0.0427 0.6210 0.0906
0.3066 0.2231 0.3726 0.0977

MOTIF filter5
letter-probability matrix: alength= 4 w= 7 nsites= 4044
0.3698 0.0926 0.3110 0.2265
0.3397 0.1480 0.2451 0.2673
0.4086 0.2238 0.1996 0.1680
0.1845 0.2441 0.2053 0.3661
0.3762 0.1902 0.1235 0.3100
0.2927 0.0921 0.3125 0.3026
0.2809 0.0398 0.5331 0.1462

MOTIF filter6
letter-probability matrix: alength= 4 w= 7 nsites= 5913
0.3128 0.1568 0.2418 0.2885
0.2991 0.1707 0.1104 0.4198
0.3059 0.2674 0.1102 0.3165
0.1881 0.3774 0.0865 0.3480
0.2689 0.4536 0.1095 0.1680
0.1888 0.4433 0.1815 0.1864
0.2564 0.3424 0.1663 0.2349

MOTIF filter7
letter-probability matrix: alength= 4 w= 7 nsites= 6018
0.4083 0.1230 0.1632 0.3054
0.2866 0.1642 0.1775 0.3716
0.4105 0.1886 0.1448 0.2561
0.3770 0.3580 0.0594 0.2056
0.4012 0.2904 0.1350 0.1734
0.1931 0.2645 0.1172 0.4251
0.2350 0.1280 0.1662 0.4708

MOTIF filter8
letter-probability matrix: alength= 4 w= 7 nsites= 4753
0.2029 0.2462 0.3307 0.2203
0.1545 0.1394 0.4873 0.2188
0.1760 0.2218 0.3918 0.2104
0.2098 0.1938 0.4869 0.1095
0.2235 0.1507 0.5657 0.0601
0.2916 0.1278 0.4391 0.1415
0.1955 0.1413 0.3742 0.2890

MOTIF filter9
letter-probability matrix: alength= 4 w= 7 nsites= 6318
0.3500 0.0611 0.3184 0.2705
0.4105 0.1158 0.3382 0.1356
0.4408 0.0851 0.2586 0.2154
0.2735 0.1299 0.3871 0.2096
0.3779 0.0867 0.3062 0.2292
0.3790 0.0970 0.3969 0.1272
0.5973 0.0902 0.2009 0.1117

MOTIF filter10
letter-probability matrix: alength= 4 w= 7 nsites= 8790
0.1451 0.1763 0.0559 0.6227
0.0680 0.1328 0.0296 0.7696
0.1229 0.1581 0.1653 0.5537
0.1085 0.1117 0.2399 0.5399
0.1329 0.2234 0.2725 0.3712
0.1573 0.2916 0.1423 0.4089
0.2194 0.2769 0.1548 0.3490

MOTIF filter11
letter-probability matrix: alength= 4 w= 7 nsites= 4713
0.2839 0.0560 0.4815 0.1787
0.1685 0.1741 0.5279 0.1295
0.2841 0.2627 0.3447 0.1085
0.2423 0.3716 0.1777 0.2084
0.1876 0.4986 0.0960 0.2177
0.0649 0.4272 0.1323 0.3757
0.0644 0.3470 0.3409 0.2476

MOTIF filter12
letter-probability matrix: alength= 4 w= 7 nsites= 4609
0.1500 0.0748 0.1671 0.6081
0.1463 0.1110 0.1515 0.5912
0.3746 0.1177 0.0932 0.4145
0.4578 0.1370 0.2848 0.1203
0.4481 0.2632 0.2387 0.0501
0.2976 0.3067 0.2718 0.1238
0.2801 0.3239 0.1129 0.2831

MOTIF filter13
letter-probability matrix: alength= 4 w= 7 nsites= 8590
0.2623 0.1677 0.2484 0.3216
0.1394 0.1499 0.3518 0.3590
0.0845 0.1821 0.3050 0.4284
0.0383 0.4631 0.2153 0.2833
0.1448 0.4524 0.0748 0.3280
0.1907 0.4859 0.0479 0.2754
0.2842 0.2004 0.1192 0.3963

MOTIF filter14
letter-probability matrix: alength= 4 w= 7 nsites= 6107
0.0597 0.1376 0.4188 0.3839
0.0367 0.1353 0.3623 0.4657
0.0434 0.1015 0.2122 0.6429
0.0581 0.0933 0.2474 0.6012
0.0648 0.2117 0.2423 0.4811
0.1941 0.2284 0.1980 0.3795
0.1882 0.1746 0.2877 0.3495

MOTIF filter15
letter-probability matrix: alength= 4 w= 7 nsites= 5875
0.2398 0.4448 0.0473 0.2681
0.3254 0.4040 0.0420 0.2286
0.2657 0.3977 0.1163 0.2203
0.5273 0.1929 0.1334 0.1465
0.4919 0.1240 0.3206 0.0634
0.4678 0.1106 0.3589 0.0628
0.3410 0.1749 0.3645 0.1196

