MEME version 4

ALPHABET= ACGU

Background letter frequencies:
A 0.2454 C 0.2306 G 0.2477 U 0.2763

MOTIF filter0
letter-probability matrix: alength= 4 w= 7 nsites= 39737
0.6220 0.0928 0.1771 0.1081
0.2765 0.1455 0.4243 0.1537
0.3002 0.3368 0.1764 0.1866
0.2187 0.1264 0.2932 0.3618
0.1793 0.0737 0.7321 0.0149
0.2528 0.4072 0.2135 0.1265
0.4708 0.0123 0.0295 0.4874

MOTIF filter1
letter-probability matrix: alength= 4 w= 7 nsites= 20539
0.0439 0.0936 0.0683 0.7943
0.1558 0.1092 0.2844 0.4506
0.0986 0.3068 0.4679 0.1267
0.2097 0.1331 0.4225 0.2347
0.1155 0.2575 0.2789 0.3481
0.1207 0.1236 0.4892 0.2665
0.0832 0.3966 0.3574 0.1628

MOTIF filter2
letter-probability matrix: alength= 4 w= 7 nsites= 15868
0.1837 0.0726 0.4248 0.3189
0.4291 0.1169 0.4485 0.0055
0.4056 0.3885 0.1039 0.1020
0.1012 0.0318 0.7459 0.1210
0.0410 0.3517 0.5655 0.0419
0.1399 0.1037 0.6674 0.0890
0.1237 0.1937 0.5688 0.1138

MOTIF filter3
letter-probability matrix: alength= 4 w= 7 nsites= 17161
0.2055 0.1576 0.2663 0.3706
0.1709 0.0142 0.2507 0.5642
0.0268 0.0213 0.8446 0.1073
0.7268 0.1029 0.0418 0.1284
0.7457 0.1341 0.0731 0.0471
0.5038 0.3036 0.1343 0.0583
0.2340 0.3091 0.3378 0.1191

MOTIF filter4
letter-probability matrix: alength= 4 w= 7 nsites= 32214
0.0458 0.4354 0.4115 0.1073
0.3452 0.2884 0.2130 0.1534
0.0340 0.5134 0.3484 0.1041
0.4160 0.1747 0.1152 0.2940
0.1319 0.0552 0.7240 0.0889
0.0467 0.1327 0.6608 0.1599
0.1058 0.3994 0.4908 0.0041

MOTIF filter5
letter-probability matrix: alength= 4 w= 7 nsites= 18397
0.1662 0.2235 0.1010 0.5093
0.1374 0.5518 0.1130 0.1978
0.0925 0.3516 0.0853 0.4706
0.3881 0.5537 0.0279 0.0303
0.0416 0.6816 0.0481 0.2286
0.2361 0.6053 0.1170 0.0416
0.1573 0.2329 0.1436 0.4662

MOTIF filter6
letter-probability matrix: alength= 4 w= 7 nsites= 22915
0.3405 0.1098 0.2583 0.2914
0.3451 0.2189 0.1171 0.3189
0.3485 0.5544 0.0554 0.0417
0.2349 0.7499 0.0073 0.0079
0.1987 0.5190 0.0779 0.2044
0.1648 0.0193 0.3898 0.4262
0.0946 0.3186 0.5760 0.0109

MOTIF filter7
letter-probability matrix: alength= 4 w= 7 nsites= 20215
0.3305 0.3655 0.1193 0.1847
0.2509 0.5866 0.0274 0.1351
0.3484 0.2946 0.0142 0.3427
0.2123 0.1002 0.5769 0.1106
0.1084 0.0641 0.3399 0.4876
0.0283 0.0603 0.1267 0.7848
0.1219 0.4946 0.2366 0.1470

MOTIF filter8
letter-probability matrix: alength= 4 w= 7 nsites= 19386
0.2206 0.1049 0.4906 0.1839
0.3750 0.1011 0.2405 0.2833
0.3092 0.0670 0.6104 0.0134
0.0909 0.1100 0.2900 0.5091
0.0833 0.0540 0.2779 0.5847
0.0694 0.0931 0.5970 0.2405
0.0497 0.2217 0.1401 0.5885

MOTIF filter9
letter-probability matrix: alength= 4 w= 7 nsites= 19845
0.0069 0.4229 0.0859 0.4843
0.0260 0.1769 0.4815 0.3155
0.2054 0.2222 0.5586 0.0138
0.1328 0.6098 0.1712 0.0863
0.1447 0.0672 0.1554 0.6326
0.0419 0.0410 0.9121 0.0051
0.3918 0.2919 0.1789 0.1374

MOTIF filter10
letter-probability matrix: alength= 4 w= 7 nsites= 22902
0.0473 0.3064 0.0134 0.6328
0.1084 0.0694 0.2879 0.5344
0.5314 0.1140 0.2991 0.0554
0.5212 0.1456 0.0408 0.2924
0.3450 0.3003 0.1770 0.1778
0.0664 0.1852 0.3962 0.3522
0.0551 0.4833 0.3348 0.1267

MOTIF filter11
letter-probability matrix: alength= 4 w= 7 nsites= 24666
0.3911 0.1984 0.2088 0.2017
0.2726 0.0468 0.1093 0.5713
0.6251 0.0432 0.1989 0.1328
0.1715 0.1546 0.2652 0.4086
0.0143 0.1605 0.0143 0.8109
0.0710 0.3110 0.0929 0.5251
0.4727 0.0383 0.0281 0.4609

MOTIF filter12
letter-probability matrix: alength= 4 w= 7 nsites= 15352
0.0327 0.6426 0.0208 0.3040
0.1495 0.2142 0.2841 0.3522
0.4882 0.2356 0.0623 0.2139
0.0677 0.2411 0.2445 0.4467
0.0606 0.0706 0.7117 0.1571
0.2662 0.1218 0.3380 0.2740
0.0507 0.6750 0.0765 0.1979

MOTIF filter13
letter-probability matrix: alength= 4 w= 7 nsites= 20049
0.1479 0.0453 0.2158 0.5910
0.1083 0.2898 0.3509 0.2510
0.0502 0.0140 0.6245 0.3113
0.2258 0.3628 0.1938 0.2176
0.0399 0.1082 0.2970 0.5548
0.0474 0.0267 0.9099 0.0161
0.6836 0.0589 0.1179 0.1395

MOTIF filter14
letter-probability matrix: alength= 4 w= 7 nsites= 20280
0.0375 0.7971 0.1025 0.0630
0.6067 0.1706 0.0770 0.1456
0.0919 0.2755 0.5832 0.0493
0.0585 0.4373 0.4187 0.0855
0.1355 0.6551 0.1635 0.0458
0.0398 0.7990 0.0433 0.1180
0.0889 0.7080 0.0504 0.1527

MOTIF filter15
letter-probability matrix: alength= 4 w= 7 nsites= 14923
0.1659 0.1691 0.6274 0.0376
0.5940 0.0450 0.0405 0.3206
0.6889 0.1010 0.0411 0.1690
0.2606 0.1544 0.4489 0.1361
0.3793 0.0289 0.5077 0.0841
0.1215 0.0431 0.1992 0.6362
0.6469 0.0462 0.2429 0.0639

