MEME version 4

ALPHABET= ACGU

Background letter frequencies:
A 0.2879 C 0.1861 G 0.1971 U 0.3289

MOTIF filter0
letter-probability matrix: alength= 4 w= 7 nsites= 79704
0.1739 0.2086 0.1175 0.5000
0.1028 0.2876 0.1195 0.4901
0.1026 0.3147 0.1016 0.4810
0.0489 0.2856 0.0718 0.5936
0.0261 0.2654 0.1861 0.5223
0.0636 0.4081 0.1545 0.3738
0.1448 0.4724 0.1893 0.1935

MOTIF filter1
letter-probability matrix: alength= 4 w= 7 nsites= 71046
0.4364 0.1617 0.1477 0.2543
0.5590 0.2129 0.0625 0.1656
0.3338 0.2913 0.0572 0.3176
0.2486 0.2162 0.1670 0.3683
0.1855 0.1899 0.2298 0.3949
0.2102 0.1508 0.3436 0.2954
0.2036 0.1549 0.3260 0.3155

MOTIF filter2
letter-probability matrix: alength= 4 w= 7 nsites= 67173
0.1824 0.2885 0.2793 0.2498
0.1767 0.4483 0.2090 0.1659
0.3476 0.4573 0.0871 0.1080
0.4755 0.3623 0.0064 0.1558
0.5399 0.2778 0.0085 0.1738
0.5585 0.2002 0.0459 0.1954
0.4739 0.1451 0.1631 0.2179

MOTIF filter3
letter-probability matrix: alength= 4 w= 7 nsites= 124291
0.3398 0.0915 0.1371 0.4316
0.3350 0.1569 0.1861 0.3220
0.1835 0.2405 0.1541 0.4219
0.3480 0.2758 0.0977 0.2784
0.2856 0.2596 0.0129 0.4419
0.3457 0.1739 0.0441 0.4363
0.1720 0.1272 0.1014 0.5994

MOTIF filter4
letter-probability matrix: alength= 4 w= 7 nsites= 67258
0.3644 0.0408 0.4698 0.1249
0.3594 0.0522 0.3567 0.2316
0.4320 0.1046 0.1143 0.3490
0.4097 0.0843 0.1241 0.3820
0.4139 0.1180 0.0279 0.4403
0.4720 0.0900 0.0268 0.4112
0.3242 0.1036 0.0437 0.5285

MOTIF filter5
letter-probability matrix: alength= 4 w= 7 nsites= 45741
0.4708 0.1706 0.1810 0.1776
0.4303 0.1949 0.2549 0.1199
0.3693 0.0804 0.4672 0.0831
0.3732 0.0769 0.4430 0.1070
0.3725 0.0713 0.4208 0.1354
0.4493 0.0641 0.1433 0.3433
0.2424 0.0642 0.1410 0.5524

MOTIF filter6
letter-probability matrix: alength= 4 w= 7 nsites= 120899
0.2978 0.2542 0.0151 0.4329
0.2776 0.1909 0.0516 0.4799
0.2629 0.1030 0.0494 0.5848
0.2874 0.1719 0.0552 0.4854
0.2232 0.1860 0.0140 0.5769
0.3114 0.2878 0.0118 0.3890
0.2721 0.3355 0.0011 0.3913

MOTIF filter7
letter-probability matrix: alength= 4 w= 7 nsites= 71001
0.0480 0.0239 0.3758 0.5523
0.1013 0.0489 0.4716 0.3782
0.1739 0.1863 0.1871 0.4527
0.3345 0.2602 0.1817 0.2236
0.3261 0.2832 0.1278 0.2629
0.3812 0.1575 0.1624 0.2989
0.3853 0.1104 0.2248 0.2795

MOTIF filter8
letter-probability matrix: alength= 4 w= 7 nsites= 50114
0.0737 0.1950 0.0585 0.6727
0.0618 0.1415 0.3361 0.4606
0.1512 0.0672 0.5132 0.2684
0.1778 0.1261 0.6369 0.0592
0.2847 0.2274 0.3466 0.1412
0.2178 0.2050 0.2429 0.3343
0.2610 0.2300 0.1657 0.3433

MOTIF filter9
letter-probability matrix: alength= 4 w= 7 nsites= 42941
0.0847 0.1167 0.5253 0.2733
0.0971 0.1282 0.5698 0.2048
0.1239 0.1138 0.3939 0.3685
0.0956 0.1404 0.3791 0.3850
0.0367 0.1231 0.3939 0.4463
0.0459 0.3044 0.3430 0.3067
0.0799 0.3677 0.2497 0.3028

MOTIF filter10
letter-probability matrix: alength= 4 w= 7 nsites= 20018
0.2004 0.2856 0.4304 0.0836
0.2632 0.2559 0.3984 0.0825
0.3081 0.3315 0.3235 0.0369
0.4044 0.3003 0.2372 0.0581
0.2453 0.2418 0.4117 0.1011
0.2552 0.2238 0.4057 0.1154
0.1706 0.3844 0.3362 0.1087

MOTIF filter11
letter-probability matrix: alength= 4 w= 7 nsites= 66977
0.4360 0.0494 0.2878 0.2268
0.2581 0.0621 0.3912 0.2886
0.2588 0.0954 0.1811 0.4647
0.1339 0.0798 0.2954 0.4909
0.1268 0.1484 0.1502 0.5745
0.0532 0.1589 0.1543 0.6336
0.0905 0.1889 0.0666 0.6539

MOTIF filter12
letter-probability matrix: alength= 4 w= 7 nsites= 41122
0.0435 0.4665 0.2353 0.2547
0.0654 0.3695 0.0563 0.5088
0.0853 0.1249 0.2405 0.5492
0.2156 0.0651 0.2979 0.4215
0.2011 0.0924 0.4898 0.2167
0.2592 0.1814 0.3080 0.2514
0.2022 0.2524 0.3172 0.2282

MOTIF filter13
letter-probability matrix: alength= 4 w= 7 nsites= 50584
0.2447 0.3360 0.1466 0.2727
0.2969 0.3733 0.0485 0.2812
0.3756 0.3605 0.0323 0.2316
0.4506 0.1757 0.1442 0.2295
0.3642 0.1372 0.3987 0.1000
0.4462 0.0834 0.4051 0.0653
0.4760 0.0620 0.2943 0.1677

MOTIF filter14
letter-probability matrix: alength= 4 w= 7 nsites= 69454
0.1211 0.1404 0.0717 0.6668
0.0883 0.1268 0.0816 0.7033
0.2851 0.1128 0.1302 0.4720
0.2531 0.0490 0.3021 0.3957
0.3648 0.0121 0.3633 0.2597
0.1833 0.0862 0.4193 0.3111
0.2863 0.0994 0.2162 0.3981

MOTIF filter15
letter-probability matrix: alength= 4 w= 7 nsites= 47425
0.4931 0.0929 0.3022 0.1117
0.5995 0.0857 0.1688 0.1460
0.4903 0.0646 0.2574 0.1877
0.3248 0.1051 0.2035 0.3665
0.1693 0.2120 0.2058 0.4130
0.3972 0.2051 0.0780 0.3197
0.3946 0.1613 0.2669 0.1772

