MEME version 4

ALPHABET= ACGU

Background letter frequencies:
A 0.2853 C 0.1843 G 0.1991 U 0.3314

MOTIF filter0
letter-probability matrix: alength= 4 w= 7 nsites= 15750
0.2868 0.2691 0.0915 0.3525
0.3436 0.2401 0.1754 0.2409
0.4245 0.0870 0.3471 0.1414
0.2999 0.0401 0.6436 0.0164
0.2539 0.0992 0.5149 0.1320
0.2005 0.2233 0.3556 0.2206
0.3084 0.3403 0.0409 0.3103

MOTIF filter1
letter-probability matrix: alength= 4 w= 7 nsites= 13806
0.1518 0.3993 0.0760 0.3730
0.2558 0.2594 0.2063 0.2785
0.2678 0.2790 0.4201 0.0332
0.3372 0.1416 0.3587 0.1625
0.3386 0.1207 0.2958 0.2449
0.3694 0.0860 0.1930 0.3516
0.2997 0.1704 0.2537 0.2762

MOTIF filter2
letter-probability matrix: alength= 4 w= 7 nsites= 11821
0.2571 0.1311 0.1580 0.4539
0.3007 0.1449 0.2753 0.2791
0.4392 0.1121 0.2334 0.2153
0.4031 0.2577 0.1723 0.1669
0.5032 0.2066 0.0264 0.2638
0.3721 0.3931 0.0379 0.1970
0.4029 0.3052 0.0334 0.2585

MOTIF filter3
letter-probability matrix: alength= 4 w= 7 nsites= 17862
0.3977 0.1258 0.2274 0.2491
0.6337 0.0776 0.1158 0.1730
0.6473 0.1923 0.0849 0.0755
0.4606 0.2152 0.0147 0.3095
0.1644 0.2433 0.1766 0.4158
0.0285 0.1847 0.1869 0.5999
0.1377 0.1476 0.2623 0.4523

MOTIF filter4
letter-probability matrix: alength= 4 w= 7 nsites= 10655
0.2302 0.0570 0.4074 0.3054
0.1481 0.0661 0.4197 0.3660
0.1372 0.1155 0.1765 0.5709
0.0533 0.0986 0.3743 0.4738
0.2328 0.1604 0.2386 0.3682
0.2297 0.1422 0.2518 0.3763
0.3068 0.1630 0.0483 0.4819

MOTIF filter5
letter-probability matrix: alength= 4 w= 7 nsites= 16064
0.1463 0.1512 0.2789 0.4236
0.1357 0.2975 0.1560 0.4108
0.1430 0.2404 0.1772 0.4393
0.1396 0.2031 0.2530 0.4043
0.2006 0.0168 0.2261 0.5565
0.2933 0.0827 0.2849 0.3392
0.2163 0.1706 0.1970 0.4161

MOTIF filter6
letter-probability matrix: alength= 4 w= 7 nsites= 11834
0.3452 0.0617 0.1824 0.4108
0.2761 0.0293 0.2390 0.4557
0.2098 0.0261 0.4288 0.3353
0.1863 0.1427 0.4665 0.2044
0.0507 0.1969 0.4920 0.2604
0.1174 0.2359 0.2007 0.4460
0.1275 0.1376 0.2174 0.5176

MOTIF filter7
letter-probability matrix: alength= 4 w= 7 nsites= 17076
0.4176 0.1628 0.1196 0.3001
0.4896 0.1997 0.0368 0.2738
0.5552 0.2094 0.0371 0.1984
0.4237 0.2067 0.0428 0.3269
0.2006 0.2581 0.0515 0.4899
0.1789 0.1916 0.0557 0.5739
0.0635 0.1896 0.2278 0.5191

MOTIF filter8
letter-probability matrix: alength= 4 w= 7 nsites= 11247
0.2316 0.3289 0.2800 0.1595
0.2251 0.1941 0.3903 0.1905
0.1631 0.2796 0.3961 0.1611
0.2813 0.3454 0.2929 0.0804
0.2978 0.4152 0.2096 0.0774
0.2939 0.2717 0.2063 0.2281
0.1474 0.2365 0.2800 0.3361

MOTIF filter9
letter-probability matrix: alength= 4 w= 7 nsites= 17294
0.1867 0.1337 0.1274 0.5522
0.2740 0.1634 0.1818 0.3808
0.4177 0.1112 0.1327 0.3384
0.4472 0.0875 0.3136 0.1518
0.3010 0.0419 0.2494 0.4078
0.4279 0.0181 0.2437 0.3103
0.4975 0.0330 0.1009 0.3686

MOTIF filter10
letter-probability matrix: alength= 4 w= 7 nsites= 15056
0.3143 0.1459 0.2352 0.3046
0.2868 0.0981 0.2436 0.3715
0.2780 0.1511 0.2216 0.3493
0.4629 0.1485 0.1620 0.2266
0.3531 0.1080 0.3140 0.2248
0.2477 0.3479 0.2887 0.1157
0.2491 0.3959 0.2283 0.1266

MOTIF filter11
letter-probability matrix: alength= 4 w= 7 nsites= 51515
0.1913 0.1142 0.4180 0.2766
0.1559 0.0921 0.4673 0.2847
0.1237 0.1658 0.4587 0.2518
0.1960 0.2579 0.1312 0.4148
0.2818 0.2226 0.0156 0.4800
0.2828 0.1746 0.0968 0.4458
0.3031 0.1378 0.1651 0.3940

MOTIF filter12
letter-probability matrix: alength= 4 w= 7 nsites= 10801
0.1717 0.0210 0.2197 0.5876
0.1622 0.1220 0.3307 0.3851
0.3784 0.1257 0.1814 0.3145
0.3044 0.1543 0.2348 0.3065
0.3538 0.1038 0.2288 0.3136
0.1924 0.1378 0.2797 0.3901
0.2563 0.1089 0.4021 0.2327

MOTIF filter13
letter-probability matrix: alength= 4 w= 7 nsites= 21965
0.3748 0.1684 0.0747 0.3821
0.2589 0.1906 0.0208 0.5298
0.3924 0.2471 0.0231 0.3375
0.3428 0.3496 0.0064 0.3012
0.4072 0.3477 0.0517 0.1935
0.2459 0.3413 0.0598 0.3530
0.2317 0.2374 0.0841 0.4468

MOTIF filter14
letter-probability matrix: alength= 4 w= 7 nsites= 14105
0.3965 0.2092 0.2866 0.1077
0.2551 0.2050 0.1990 0.3410
0.1483 0.1712 0.2887 0.3917
0.1033 0.0551 0.4650 0.3766
0.1447 0.0877 0.5662 0.2014
0.3999 0.0903 0.3361 0.1737
0.4948 0.1690 0.1773 0.1588

MOTIF filter15
letter-probability matrix: alength= 4 w= 7 nsites= 20824
0.3099 0.0925 0.1473 0.4504
0.3310 0.0428 0.1073 0.5189
0.4235 0.0279 0.2543 0.2944
0.3779 0.0828 0.2041 0.3352
0.5273 0.0857 0.1798 0.2073
0.5669 0.1158 0.0188 0.2985
0.6329 0.1603 0.0113 0.1955

