MEME version 4

ALPHABET= ACGU

Background letter frequencies:
A 0.2869 C 0.1875 G 0.1979 U 0.3278

MOTIF filter0
letter-probability matrix: alength= 4 w= 7 nsites= 37962
0.1843 0.0025 0.1933 0.6200
0.4516 0.0345 0.3618 0.1522
0.6588 0.2090 0.0185 0.1138
0.4799 0.1314 0.1204 0.2682
0.5783 0.0993 0.1645 0.1580
0.2410 0.0209 0.1486 0.5895
0.0414 0.1639 0.0602 0.7345

MOTIF filter1
letter-probability matrix: alength= 4 w= 7 nsites= 18072
0.0860 0.0944 0.6920 0.1277
0.2685 0.3500 0.0210 0.3606
0.6588 0.1140 0.0228 0.2044
0.3286 0.0478 0.0191 0.6045
0.0953 0.0537 0.3542 0.4968
0.1623 0.4387 0.1490 0.2500
0.1832 0.0600 0.3268 0.4299

MOTIF filter2
letter-probability matrix: alength= 4 w= 7 nsites= 47128
0.2378 0.0308 0.0144 0.7170
0.4084 0.0251 0.0628 0.5036
0.2217 0.0580 0.1026 0.6177
0.5800 0.1515 0.0839 0.1846
0.0554 0.0406 0.0132 0.8907
0.2908 0.0935 0.0080 0.6077
0.0968 0.3163 0.0740 0.5129

MOTIF filter3
letter-probability matrix: alength= 4 w= 7 nsites= 38037
0.0895 0.2711 0.1840 0.4554
0.2658 0.4492 0.0677 0.2173
0.1558 0.7062 0.0025 0.1355
0.2517 0.4675 0.0093 0.2715
0.5697 0.4092 0.0025 0.0186
0.1658 0.2400 0.0182 0.5760
0.4398 0.2918 0.0188 0.2497

MOTIF filter4
letter-probability matrix: alength= 4 w= 7 nsites= 41841
0.0914 0.2729 0.1978 0.4379
0.0574 0.0669 0.0377 0.8380
0.4989 0.0151 0.3827 0.1033
0.6708 0.0449 0.0600 0.2243
0.8347 0.0063 0.1255 0.0336
0.1102 0.0808 0.3397 0.4694
0.5407 0.0230 0.2886 0.1477

MOTIF filter5
letter-probability matrix: alength= 4 w= 7 nsites= 21761
0.0030 0.1615 0.7148 0.1207
0.1526 0.1038 0.4741 0.2694
0.2984 0.0527 0.3888 0.2601
0.2755 0.2348 0.2384 0.2514
0.3544 0.1789 0.0980 0.3688
0.7841 0.0276 0.0949 0.0935
0.3878 0.1388 0.1894 0.2841

MOTIF filter6
letter-probability matrix: alength= 4 w= 7 nsites= 28842
0.2365 0.1558 0.0156 0.5921
0.0928 0.2655 0.5346 0.1072
0.0765 0.0691 0.1180 0.7364
0.8499 0.0455 0.0777 0.0269
0.1284 0.6970 0.0510 0.1236
0.6439 0.2598 0.0036 0.0927
0.3448 0.2359 0.0917 0.3276

MOTIF filter7
letter-probability matrix: alength= 4 w= 7 nsites= 20287
0.4880 0.3692 0.0155 0.1272
0.1299 0.1555 0.6437 0.0708
0.4897 0.1093 0.3428 0.0582
0.3323 0.3779 0.1683 0.1215
0.6034 0.2311 0.0562 0.1093
0.0307 0.2021 0.0298 0.7375
0.0778 0.3280 0.0422 0.5520

MOTIF filter8
letter-probability matrix: alength= 4 w= 7 nsites= 19873
0.2035 0.4977 0.0495 0.2493
0.7605 0.0384 0.0174 0.1837
0.1216 0.1809 0.0576 0.6399
0.5655 0.0182 0.0168 0.3995
0.3682 0.2323 0.0227 0.3768
0.5294 0.1848 0.0568 0.2290
0.0316 0.0707 0.0542 0.8435

MOTIF filter9
letter-probability matrix: alength= 4 w= 7 nsites= 37402
0.3883 0.0214 0.5884 0.0019
0.4346 0.2592 0.2178 0.0884
0.1571 0.3992 0.0334 0.4102
0.2005 0.0309 0.3651 0.4035
0.6021 0.1166 0.2812 0.0002
0.1368 0.0953 0.7273 0.0406
0.3935 0.2147 0.1975 0.1944

MOTIF filter10
letter-probability matrix: alength= 4 w= 7 nsites= 54010
0.1328 0.3746 0.1205 0.3721
0.3335 0.3321 0.0810 0.2534
0.2423 0.3498 0.1485 0.2594
0.2461 0.2515 0.2245 0.2779
0.4602 0.0036 0.0213 0.5148
0.0000 0.0001 0.9999 0.0001
0.3761 0.2365 0.1450 0.2424

MOTIF filter11
letter-probability matrix: alength= 4 w= 7 nsites= 30326
0.0794 0.2876 0.0910 0.5420
0.0739 0.1597 0.0158 0.7507
0.0701 0.1233 0.3808 0.4258
0.4498 0.1425 0.0625 0.3452
0.0006 0.0278 0.9374 0.0342
0.2555 0.3070 0.3745 0.0630
0.1553 0.5055 0.1787 0.1605

MOTIF filter12
letter-probability matrix: alength= 4 w= 7 nsites= 23889
0.3204 0.1612 0.5136 0.0048
0.1310 0.3271 0.0850 0.4569
0.7551 0.1068 0.0566 0.0815
0.1516 0.4016 0.1490 0.2978
0.2759 0.0976 0.2902 0.3362
0.0121 0.0112 0.1028 0.8739
0.2150 0.0102 0.4724 0.3024

MOTIF filter13
letter-probability matrix: alength= 4 w= 7 nsites= 27225
0.0865 0.1335 0.0275 0.7525
0.0066 0.3253 0.0017 0.6665
0.2631 0.3233 0.1831 0.2305
0.1380 0.2680 0.4602 0.1339
0.4236 0.2021 0.2974 0.0769
0.5478 0.1100 0.0364 0.3058
0.0629 0.0304 0.5010 0.4057

MOTIF filter14
letter-probability matrix: alength= 4 w= 7 nsites= 17975
0.4676 0.1025 0.0706 0.3593
0.0856 0.2348 0.6511 0.0285
0.9135 0.0550 0.0306 0.0009
0.0927 0.0307 0.7615 0.1151
0.2327 0.1543 0.2005 0.4125
0.3219 0.5064 0.0771 0.0946
0.3343 0.4843 0.0255 0.1560

MOTIF filter15
letter-probability matrix: alength= 4 w= 7 nsites= 53568
0.0853 0.4381 0.0058 0.4709
0.0449 0.4420 0.1151 0.3980
0.2905 0.1676 0.0959 0.4459
0.0391 0.2787 0.6763 0.0059
0.1971 0.2882 0.2658 0.2488
0.2703 0.2173 0.3201 0.1922
0.1566 0.2450 0.2467 0.3517

