MEME version 4

ALPHABET= ACGU

Background letter frequencies:
A 0.2564 C 0.2022 G 0.2282 U 0.3131

MOTIF filter0
letter-probability matrix: alength= 4 w= 7 nsites= 19194
0.2256 0.5116 0.0678 0.1950
0.4456 0.4434 0.0155 0.0956
0.3986 0.2821 0.2099 0.1094
0.4991 0.0915 0.2942 0.1152
0.3370 0.1208 0.4257 0.1165
0.3044 0.1588 0.4063 0.1305
0.3110 0.1730 0.3696 0.1464

MOTIF filter1
letter-probability matrix: alength= 4 w= 7 nsites= 13248
0.1770 0.3782 0.1867 0.2581
0.0975 0.3637 0.1070 0.4318
0.1133 0.2674 0.0628 0.5565
0.2083 0.0518 0.0970 0.6429
0.2205 0.0708 0.0608 0.6479
0.1524 0.0850 0.2920 0.4706
0.1506 0.0886 0.2656 0.4952

MOTIF filter2
letter-probability matrix: alength= 4 w= 7 nsites= 27436
0.2175 0.1192 0.1933 0.4699
0.2150 0.1024 0.1406 0.5420
0.1304 0.0827 0.0969 0.6900
0.1399 0.0324 0.0534 0.7744
0.0610 0.0537 0.0808 0.8046
0.1204 0.0515 0.1528 0.6753
0.2151 0.0585 0.1661 0.5602

MOTIF filter3
letter-probability matrix: alength= 4 w= 7 nsites= 17935
0.1296 0.3721 0.1445 0.3538
0.1949 0.2534 0.1860 0.3657
0.1835 0.3525 0.2166 0.2474
0.1791 0.4754 0.1632 0.1824
0.1993 0.4732 0.1034 0.2241
0.2275 0.4616 0.1482 0.1627
0.2511 0.4510 0.1545 0.1433

MOTIF filter4
letter-probability matrix: alength= 4 w= 7 nsites= 14895
0.0951 0.2124 0.4008 0.2918
0.0977 0.0773 0.5700 0.2550
0.0599 0.1567 0.6372 0.1463
0.1704 0.1549 0.4553 0.2193
0.2548 0.2116 0.2093 0.3243
0.3958 0.1826 0.2202 0.2014
0.3836 0.2927 0.1524 0.1713

MOTIF filter5
letter-probability matrix: alength= 4 w= 7 nsites= 10957
0.1420 0.1055 0.4620 0.2906
0.0805 0.0806 0.5315 0.3074
0.2391 0.0855 0.5754 0.1000
0.2395 0.0893 0.3160 0.3552
0.2259 0.0506 0.4068 0.3167
0.1379 0.0856 0.4572 0.3193
0.1838 0.1833 0.5572 0.0756

MOTIF filter6
letter-probability matrix: alength= 4 w= 7 nsites= 11828
0.2432 0.1098 0.1114 0.5356
0.1593 0.1187 0.2085 0.5135
0.1771 0.0953 0.3034 0.4242
0.2841 0.0901 0.4935 0.1324
0.2952 0.0764 0.5210 0.1073
0.4014 0.0892 0.4270 0.0825
0.4107 0.1213 0.3504 0.1176

MOTIF filter7
letter-probability matrix: alength= 4 w= 7 nsites= 21573
0.1370 0.0110 0.1472 0.7049
0.1352 0.0114 0.2009 0.6525
0.1288 0.0255 0.1624 0.6832
0.2117 0.0431 0.2661 0.4791
0.2316 0.0533 0.2345 0.4806
0.1978 0.0686 0.3957 0.3379
0.1785 0.0703 0.3882 0.3630

MOTIF filter8
letter-probability matrix: alength= 4 w= 7 nsites= 14146
0.3457 0.1250 0.5028 0.0265
0.1860 0.1292 0.5880 0.0968
0.2322 0.1488 0.4828 0.1361
0.2253 0.2409 0.3837 0.1500
0.3049 0.2553 0.3239 0.1158
0.3099 0.3028 0.2965 0.0908
0.3267 0.2159 0.3736 0.0837

MOTIF filter9
letter-probability matrix: alength= 4 w= 7 nsites= 15148
0.1722 0.1422 0.1771 0.5084
0.1815 0.0752 0.3941 0.3491
0.1317 0.0067 0.6563 0.2053
0.0651 0.0372 0.8079 0.0897
0.0977 0.1195 0.5772 0.2056
0.2164 0.1944 0.3511 0.2381
0.2451 0.2212 0.2084 0.3254

MOTIF filter10
letter-probability matrix: alength= 4 w= 7 nsites= 33297
0.2521 0.1670 0.0701 0.5108
0.2525 0.1996 0.0371 0.5108
0.1877 0.2182 0.0182 0.5760
0.2406 0.1730 0.0047 0.5816
0.2030 0.1343 0.0010 0.6617
0.3405 0.0749 0.0046 0.5801
0.3052 0.0492 0.1383 0.5073

MOTIF filter11
letter-probability matrix: alength= 4 w= 7 nsites= 15599
0.2226 0.3809 0.0905 0.3060
0.1473 0.3909 0.0334 0.4284
0.1402 0.3547 0.0180 0.4871
0.1168 0.3815 0.0599 0.4418
0.2680 0.3695 0.1259 0.2366
0.2146 0.4177 0.3055 0.0621
0.2811 0.3619 0.3210 0.0360

MOTIF filter12
letter-probability matrix: alength= 4 w= 7 nsites= 17031
0.0674 0.2177 0.4552 0.2597
0.0643 0.1003 0.4920 0.3434
0.1202 0.0812 0.4370 0.3616
0.1742 0.0555 0.2006 0.5698
0.1467 0.0734 0.3912 0.3887
0.1810 0.1913 0.3198 0.3080
0.2250 0.2534 0.4003 0.1213

MOTIF filter13
letter-probability matrix: alength= 4 w= 7 nsites= 28000
0.2154 0.1398 0.2166 0.4282
0.2509 0.1485 0.2881 0.3125
0.2490 0.0866 0.2476 0.4168
0.2361 0.1240 0.3435 0.2964
0.1432 0.0975 0.2413 0.5180
0.0744 0.0935 0.2913 0.5408
0.0640 0.0404 0.2154 0.6802

MOTIF filter14
letter-probability matrix: alength= 4 w= 7 nsites= 26558
0.2858 0.0753 0.2838 0.3551
0.4169 0.0661 0.1867 0.3303
0.4294 0.1150 0.2553 0.2002
0.3494 0.1013 0.1192 0.4301
0.2178 0.1067 0.3699 0.3055
0.2434 0.0899 0.4010 0.2656
0.3299 0.1017 0.4744 0.0939

MOTIF filter15
letter-probability matrix: alength= 4 w= 7 nsites= 25561
0.2575 0.0731 0.4580 0.2114
0.2161 0.1502 0.4199 0.2138
0.0964 0.1808 0.4018 0.3210
0.1332 0.2113 0.3342 0.3213
0.1549 0.1220 0.4085 0.3146
0.1822 0.1664 0.5126 0.1389
0.2231 0.2177 0.3137 0.2455

