MEME version 4

ALPHABET= ACGU

Background letter frequencies:
A 0.2564 C 0.2005 G 0.2262 U 0.3169

MOTIF filter0
letter-probability matrix: alength= 4 w= 7 nsites= 126224
0.3051 0.0468 0.4357 0.2125
0.4416 0.1609 0.1847 0.2129
0.2651 0.1865 0.3688 0.1797
0.1151 0.0398 0.0205 0.8246
0.0115 0.2208 0.3890 0.3787
0.1740 0.0906 0.0475 0.6880
0.0561 0.2405 0.1099 0.5935

MOTIF filter1
letter-probability matrix: alength= 4 w= 7 nsites= 140903
0.4099 0.0138 0.5764 0.0000
0.0242 0.0113 0.9514 0.0131
0.2102 0.3399 0.1460 0.3039
0.2624 0.3591 0.1096 0.2689
0.0606 0.2122 0.2153 0.5119
0.2225 0.3256 0.1908 0.2611
0.1786 0.2743 0.2917 0.2553

MOTIF filter2
letter-probability matrix: alength= 4 w= 7 nsites= 130488
0.3642 0.3967 0.1685 0.0707
0.5602 0.1682 0.2630 0.0086
0.1909 0.3625 0.4222 0.0244
0.1267 0.7935 0.0243 0.0555
0.2614 0.4254 0.1054 0.2078
0.4080 0.0870 0.5050 0.0000
0.0095 0.4398 0.4390 0.1117

MOTIF filter3
letter-probability matrix: alength= 4 w= 7 nsites= 222774
0.4620 0.0460 0.1503 0.3417
0.4081 0.0013 0.5493 0.0413
0.1510 0.0504 0.2926 0.5060
0.4150 0.1686 0.3207 0.0957
0.3180 0.1536 0.0085 0.5199
0.2303 0.1220 0.6471 0.0007
0.1070 0.0291 0.1018 0.7621

MOTIF filter4
letter-probability matrix: alength= 4 w= 7 nsites= 179156
0.0143 0.0174 0.0176 0.9506
0.1549 0.0559 0.1161 0.6731
0.1044 0.1042 0.2008 0.5906
0.1672 0.1006 0.1436 0.5886
0.1078 0.1426 0.2386 0.5109
0.1623 0.1872 0.3340 0.3165
0.1164 0.2071 0.1712 0.5053

MOTIF filter5
letter-probability matrix: alength= 4 w= 7 nsites= 131384
0.0945 0.0782 0.4232 0.4042
0.3508 0.0422 0.4447 0.1623
0.0657 0.0772 0.8311 0.0260
0.0534 0.4462 0.2273 0.2732
0.1160 0.4346 0.0026 0.4468
0.0377 0.2590 0.0013 0.7021
0.3321 0.3203 0.0442 0.3033

MOTIF filter6
letter-probability matrix: alength= 4 w= 7 nsites= 212914
0.2680 0.0331 0.2477 0.4513
0.0662 0.0233 0.0191 0.8914
0.0590 0.0135 0.4400 0.4875
0.1785 0.0259 0.1938 0.6019
0.4255 0.0201 0.2458 0.3087
0.0243 0.0547 0.1447 0.7763
0.5530 0.0151 0.3042 0.1277

MOTIF filter7
letter-probability matrix: alength= 4 w= 7 nsites= 418255
0.4616 0.2416 0.0113 0.2856
0.3816 0.1821 0.1345 0.3019
0.3806 0.0957 0.3204 0.2033
0.3732 0.0790 0.3746 0.1732
0.5005 0.1574 0.3421 0.0000
0.0303 0.2378 0.2115 0.5204
0.4411 0.1305 0.0266 0.4018

MOTIF filter8
letter-probability matrix: alength= 4 w= 7 nsites= 154315
0.3029 0.0814 0.0005 0.6153
0.0721 0.0464 0.8791 0.0023
0.1210 0.3342 0.4637 0.0811
0.0352 0.2211 0.0258 0.7180
0.1611 0.2696 0.5546 0.0147
0.4546 0.1779 0.1686 0.1989
0.3358 0.2140 0.2887 0.1615

MOTIF filter9
letter-probability matrix: alength= 4 w= 7 nsites= 53347
0.1309 0.6277 0.1919 0.0494
0.1586 0.1141 0.1812 0.5462
0.1749 0.0875 0.0192 0.7184
0.1768 0.0104 0.7026 0.1103
0.3239 0.3476 0.1258 0.2026
0.1718 0.7144 0.0335 0.0802
0.0878 0.1113 0.0110 0.7900

MOTIF filter10
letter-probability matrix: alength= 4 w= 7 nsites= 252483
0.0786 0.3024 0.0743 0.5448
0.3204 0.2123 0.0264 0.4410
0.0000 0.0663 0.0000 0.9337
0.0823 0.1506 0.4671 0.3000
0.1851 0.0143 0.0191 0.7814
0.3867 0.0615 0.1274 0.4245
0.1159 0.1883 0.1406 0.5552

MOTIF filter11
letter-probability matrix: alength= 4 w= 7 nsites= 162439
0.4255 0.0532 0.1626 0.3587
0.3232 0.1767 0.3462 0.1538
0.0408 0.0978 0.0000 0.8613
0.1645 0.1222 0.7129 0.0004
0.3124 0.5287 0.0943 0.0646
0.2166 0.0519 0.0022 0.7293
0.1330 0.0564 0.3067 0.5038

MOTIF filter12
letter-probability matrix: alength= 4 w= 7 nsites= 224410
0.0603 0.2464 0.1832 0.5101
0.2431 0.3039 0.0472 0.4058
0.4906 0.2848 0.0175 0.2072
0.1896 0.2755 0.5059 0.0290
0.4162 0.1425 0.0041 0.4372
0.3252 0.2935 0.0845 0.2968
0.0794 0.1937 0.0109 0.7160

MOTIF filter13
letter-probability matrix: alength= 4 w= 7 nsites= 114489
0.0595 0.3196 0.5195 0.1014
0.2546 0.0246 0.0256 0.6951
0.1414 0.2801 0.5221 0.0564
0.0960 0.0576 0.0293 0.8171
0.0065 0.0394 0.8850 0.0691
0.2158 0.1242 0.4372 0.2229
0.1814 0.1408 0.4540 0.2238

MOTIF filter14
letter-probability matrix: alength= 4 w= 7 nsites= 185488
0.5206 0.1186 0.0754 0.2855
0.1021 0.1026 0.0732 0.7221
0.1234 0.0408 0.0559 0.7798
0.0105 0.0712 0.0013 0.9171
0.4521 0.1162 0.0054 0.4264
0.2364 0.0478 0.1721 0.5437
0.2245 0.1533 0.1696 0.4526

MOTIF filter15
letter-probability matrix: alength= 4 w= 7 nsites= 102773
0.0596 0.7117 0.0159 0.2128
0.7610 0.0214 0.0006 0.2170
0.3002 0.2099 0.2039 0.2860
0.4218 0.0993 0.2092 0.2698
0.5760 0.0811 0.3115 0.0315
0.2977 0.0364 0.6532 0.0127
0.2115 0.4148 0.2867 0.0869

