MEME version 4

ALPHABET= ACGU

Background letter frequencies:
A 0.2566 C 0.2010 G 0.2271 U 0.3153

MOTIF filter0
letter-probability matrix: alength= 4 w= 7 nsites= 343219
0.1391 0.0869 0.0929 0.6812
0.1059 0.0947 0.0222 0.7771
0.0953 0.1654 0.2081 0.5311
0.1236 0.2499 0.2068 0.4197
0.2234 0.2211 0.2360 0.3194
0.2281 0.1574 0.1027 0.5119
0.1729 0.0511 0.1944 0.5817

MOTIF filter1
letter-probability matrix: alength= 4 w= 7 nsites= 136247
0.3269 0.2329 0.2547 0.1855
0.5013 0.1203 0.1967 0.1816
0.3865 0.3473 0.1567 0.1096
0.2655 0.5079 0.1490 0.0776
0.0672 0.6368 0.0610 0.2350
0.0591 0.4579 0.1044 0.3785
0.0443 0.2324 0.2121 0.5113

MOTIF filter2
letter-probability matrix: alength= 4 w= 7 nsites= 604501
0.2989 0.5018 0.0019 0.1973
0.3385 0.3929 0.0020 0.2666
0.3230 0.2520 0.1631 0.2619
0.3137 0.2067 0.2228 0.2568
0.3598 0.2045 0.3142 0.1216
0.2975 0.2430 0.2477 0.2118
0.2581 0.2296 0.2458 0.2666

MOTIF filter3
letter-probability matrix: alength= 4 w= 7 nsites= 178454
0.2810 0.1401 0.3688 0.2101
0.1849 0.3371 0.3901 0.0879
0.1665 0.2657 0.2500 0.3178
0.1705 0.3955 0.1059 0.3281
0.2593 0.2668 0.0498 0.4241
0.3175 0.3381 0.0516 0.2928
0.3784 0.2334 0.0488 0.3393

MOTIF filter4
letter-probability matrix: alength= 4 w= 7 nsites= 145453
0.2174 0.1702 0.5746 0.0377
0.1663 0.1099 0.6686 0.0552
0.1563 0.1390 0.5510 0.1538
0.2530 0.1788 0.3911 0.1771
0.2485 0.1617 0.4349 0.1549
0.2226 0.2165 0.5191 0.0418
0.1538 0.2706 0.5328 0.0429

MOTIF filter5
letter-probability matrix: alength= 4 w= 7 nsites= 534341
0.0623 0.1955 0.2452 0.4969
0.0126 0.2779 0.3220 0.3875
0.0673 0.2314 0.2727 0.4286
0.0687 0.2492 0.3645 0.3177
0.0754 0.1522 0.2295 0.5429
0.0282 0.2016 0.2461 0.5241
0.0570 0.2172 0.2186 0.5072

MOTIF filter6
letter-probability matrix: alength= 4 w= 7 nsites= 196989
0.2802 0.2163 0.3150 0.1886
0.2636 0.1894 0.1644 0.3826
0.3223 0.0585 0.2658 0.3534
0.2764 0.0589 0.1961 0.4686
0.5052 0.0415 0.1870 0.2663
0.4198 0.0455 0.0346 0.5000
0.3617 0.0115 0.2252 0.4016

MOTIF filter7
letter-probability matrix: alength= 4 w= 7 nsites= 205566
0.1302 0.1572 0.2639 0.4487
0.1651 0.3359 0.2703 0.2287
0.1619 0.3161 0.0985 0.4236
0.0729 0.3454 0.2531 0.3286
0.1450 0.2704 0.2215 0.3631
0.1815 0.4511 0.2558 0.1116
0.3002 0.4334 0.0846 0.1817

MOTIF filter8
letter-probability matrix: alength= 4 w= 7 nsites= 506914
0.1646 0.0242 0.2663 0.5449
0.2072 0.0082 0.2895 0.4950
0.2278 0.0255 0.1225 0.6243
0.1595 0.0961 0.2602 0.4841
0.1230 0.0933 0.2738 0.5099
0.1586 0.0965 0.3525 0.3924
0.1964 0.0509 0.2403 0.5125

MOTIF filter9
letter-probability matrix: alength= 4 w= 7 nsites= 296714
0.2622 0.2776 0.1316 0.3287
0.1586 0.3225 0.1141 0.4047
0.1009 0.3071 0.0420 0.5500
0.1141 0.2304 0.0148 0.6407
0.0927 0.1625 0.0083 0.7365
0.1267 0.0892 0.0070 0.7771
0.1134 0.1297 0.0112 0.7458

MOTIF filter10
letter-probability matrix: alength= 4 w= 7 nsites= 309642
0.3387 0.3003 0.1043 0.2566
0.2530 0.1829 0.3669 0.1971
0.3224 0.0221 0.5199 0.1356
0.2363 0.0562 0.6684 0.0391
0.2747 0.1905 0.3885 0.1464
0.2808 0.3212 0.2332 0.1648
0.3432 0.3520 0.0828 0.2220

MOTIF filter11
letter-probability matrix: alength= 4 w= 7 nsites= 162233
0.2922 0.1162 0.2504 0.3412
0.1636 0.2252 0.2985 0.3127
0.1270 0.2355 0.2992 0.3383
0.1564 0.3540 0.1536 0.3360
0.1536 0.2179 0.1668 0.4617
0.3000 0.1627 0.2646 0.2727
0.2555 0.0321 0.3972 0.3152

MOTIF filter12
letter-probability matrix: alength= 4 w= 7 nsites= 481679
0.2338 0.5305 0.0808 0.1549
0.2070 0.4863 0.0389 0.2679
0.1642 0.4900 0.0479 0.2978
0.3103 0.2189 0.0451 0.4258
0.3522 0.1959 0.2002 0.2518
0.3705 0.1323 0.2114 0.2859
0.2909 0.2051 0.2510 0.2531

MOTIF filter13
letter-probability matrix: alength= 4 w= 7 nsites= 322686
0.2897 0.1134 0.2323 0.3645
0.2721 0.0921 0.2054 0.4303
0.1738 0.0563 0.1533 0.6165
0.1026 0.0438 0.0960 0.7575
0.0504 0.1068 0.0351 0.8078
0.2979 0.1030 0.0232 0.5758
0.3205 0.1008 0.2085 0.3702

MOTIF filter14
letter-probability matrix: alength= 4 w= 7 nsites= 240501
0.2976 0.1189 0.0390 0.5445
0.2130 0.1268 0.0538 0.6064
0.2882 0.0893 0.0510 0.5714
0.2616 0.0616 0.3196 0.3572
0.3206 0.0209 0.4467 0.2118
0.2333 0.0267 0.4697 0.2703
0.3228 0.0554 0.3347 0.2871

MOTIF filter15
letter-probability matrix: alength= 4 w= 7 nsites= 238923
0.3689 0.0358 0.2390 0.3563
0.1144 0.0410 0.2932 0.5514
0.1760 0.0331 0.3392 0.4517
0.1309 0.0490 0.4178 0.4023
0.1738 0.0558 0.5216 0.2487
0.1596 0.0796 0.4383 0.3226
0.2038 0.0926 0.3773 0.3263

