MEME version 4

ALPHABET= ACGU

Background letter frequencies:
A 0.2878 C 0.1986 G 0.1896 U 0.3240

MOTIF filter0
letter-probability matrix: alength= 4 w= 7 nsites= 35278
0.3089 0.4988 0.0311 0.1612
0.1764 0.4832 0.0151 0.3252
0.2862 0.3294 0.0370 0.3474
0.2937 0.2379 0.1112 0.3572
0.3052 0.3825 0.1304 0.1819
0.2131 0.3386 0.1964 0.2519
0.1334 0.5159 0.1213 0.2294

MOTIF filter1
letter-probability matrix: alength= 4 w= 7 nsites= 89430
0.0377 0.1116 0.2609 0.5898
0.0325 0.1913 0.2615 0.5148
0.1102 0.2405 0.1485 0.5007
0.2108 0.2489 0.1439 0.3964
0.2310 0.1685 0.1345 0.4661
0.1699 0.0758 0.3017 0.4526
0.0725 0.0892 0.2187 0.6197

MOTIF filter2
letter-probability matrix: alength= 4 w= 7 nsites= 75257
0.5467 0.1028 0.1240 0.2265
0.5249 0.1518 0.1521 0.1713
0.5493 0.1371 0.1212 0.1924
0.5248 0.1961 0.1236 0.1556
0.6967 0.1850 0.0580 0.0604
0.5694 0.3149 0.0663 0.0494
0.4960 0.2604 0.0596 0.1840

MOTIF filter3
letter-probability matrix: alength= 4 w= 7 nsites= 64573
0.2445 0.0537 0.0992 0.6027
0.3793 0.1517 0.1293 0.3397
0.3693 0.3773 0.0939 0.1595
0.2344 0.3534 0.1032 0.3090
0.0902 0.3059 0.0914 0.5124
0.0598 0.1055 0.1149 0.7197
0.1407 0.1158 0.1023 0.6412

MOTIF filter4
letter-probability matrix: alength= 4 w= 7 nsites= 91013
0.1091 0.1358 0.0402 0.7149
0.2774 0.1421 0.0191 0.5613
0.3762 0.1974 0.0118 0.4146
0.3522 0.2389 0.0118 0.3971
0.2629 0.2247 0.1090 0.4033
0.2847 0.0862 0.1433 0.4858
0.3686 0.0600 0.1538 0.4176

MOTIF filter5
letter-probability matrix: alength= 4 w= 7 nsites= 43639
0.1624 0.3667 0.3073 0.1637
0.2341 0.4125 0.0710 0.2824
0.2130 0.3201 0.0594 0.4075
0.3518 0.2531 0.0484 0.3467
0.2794 0.1427 0.2654 0.3125
0.3471 0.0827 0.3878 0.1823
0.1430 0.2188 0.4738 0.1644

MOTIF filter6
letter-probability matrix: alength= 4 w= 7 nsites= 52392
0.4778 0.2998 0.1288 0.0936
0.3172 0.3633 0.1329 0.1865
0.3076 0.1586 0.1282 0.4057
0.1497 0.1199 0.1992 0.5312
0.3052 0.0620 0.1730 0.4597
0.3032 0.1012 0.1724 0.4232
0.4119 0.1470 0.1337 0.3074

MOTIF filter7
letter-probability matrix: alength= 4 w= 7 nsites= 60982
0.4789 0.0611 0.1038 0.3562
0.4966 0.1825 0.0915 0.2294
0.6351 0.1796 0.0076 0.1777
0.5280 0.2252 0.0170 0.2298
0.4122 0.0831 0.0442 0.4604
0.2862 0.1789 0.0635 0.4714
0.1633 0.3328 0.1403 0.3636

MOTIF filter8
letter-probability matrix: alength= 4 w= 7 nsites= 49401
0.2929 0.0360 0.2693 0.4018
0.1340 0.1188 0.4017 0.3455
0.1799 0.1349 0.2987 0.3865
0.1617 0.1360 0.2822 0.4201
0.1574 0.0493 0.2989 0.4944
0.0686 0.0381 0.3417 0.5516
0.2131 0.1368 0.3526 0.2976

MOTIF filter9
letter-probability matrix: alength= 4 w= 7 nsites= 70636
0.4712 0.2432 0.0134 0.2722
0.4968 0.2451 0.0262 0.2319
0.4023 0.1849 0.0538 0.3590
0.2674 0.1918 0.1119 0.4289
0.1821 0.4065 0.1063 0.3052
0.2030 0.4808 0.0908 0.2254
0.1614 0.5268 0.0453 0.2664

MOTIF filter10
letter-probability matrix: alength= 4 w= 7 nsites= 79632
0.2624 0.1104 0.3649 0.2622
0.2926 0.1628 0.1908 0.3538
0.3495 0.1870 0.1960 0.2675
0.3459 0.1871 0.2809 0.1861
0.5537 0.1493 0.1747 0.1222
0.5102 0.1034 0.2215 0.1649
0.5070 0.1506 0.1693 0.1731

MOTIF filter11
letter-probability matrix: alength= 4 w= 7 nsites= 73608
0.3947 0.1263 0.2315 0.2474
0.5761 0.1184 0.2076 0.0979
0.6202 0.0828 0.2252 0.0718
0.7778 0.0725 0.0756 0.0740
0.6604 0.0257 0.1484 0.1655
0.6607 0.0201 0.1506 0.1687
0.4916 0.0572 0.2579 0.1933

MOTIF filter12
letter-probability matrix: alength= 4 w= 7 nsites= 168236
0.3395 0.1730 0.0987 0.3888
0.3028 0.1948 0.0254 0.4770
0.2395 0.2137 0.0390 0.5078
0.1856 0.2676 0.0481 0.4988
0.1911 0.2694 0.0576 0.4819
0.1933 0.2573 0.0596 0.4898
0.2073 0.2153 0.1430 0.4345

MOTIF filter13
letter-probability matrix: alength= 4 w= 7 nsites= 51065
0.4105 0.1087 0.2774 0.2034
0.3975 0.0573 0.2930 0.2522
0.2229 0.0729 0.2622 0.4420
0.3393 0.1741 0.0991 0.3874
0.1922 0.3391 0.0661 0.4025
0.4080 0.3722 0.0995 0.1203
0.4111 0.2726 0.1770 0.1393

MOTIF filter14
letter-probability matrix: alength= 4 w= 7 nsites= 45820
0.2818 0.1240 0.3214 0.2728
0.1648 0.0836 0.4152 0.3365
0.1220 0.1810 0.4984 0.1986
0.1848 0.1514 0.4785 0.1853
0.4252 0.1635 0.3622 0.0491
0.4872 0.0655 0.3977 0.0497
0.3923 0.0587 0.5019 0.0471

MOTIF filter15
letter-probability matrix: alength= 4 w= 7 nsites= 59151
0.4902 0.1750 0.1574 0.1774
0.3545 0.2660 0.1933 0.1862
0.5015 0.2149 0.1098 0.1738
0.4636 0.2295 0.1300 0.1768
0.6134 0.1673 0.0691 0.1503
0.6094 0.2161 0.0907 0.0837
0.4901 0.3602 0.0670 0.0827

