MEME version 4

ALPHABET= ACGU

Background letter frequencies:
A 0.2898 C 0.1970 G 0.1887 U 0.3245

MOTIF filter0
letter-probability matrix: alength= 4 w= 7 nsites= 18710
0.3741 0.3599 0.1101 0.1559
0.4116 0.3881 0.1103 0.0899
0.2623 0.3225 0.1551 0.2601
0.4156 0.0124 0.5345 0.0375
0.0335 0.0796 0.7384 0.1484
0.5307 0.1806 0.1597 0.1290
0.3833 0.1459 0.0370 0.4338

MOTIF filter1
letter-probability matrix: alength= 4 w= 7 nsites= 26665
0.3268 0.0813 0.4673 0.1246
0.2392 0.3739 0.1566 0.2302
0.0722 0.0066 0.0721 0.8491
0.6056 0.1520 0.1970 0.0454
0.8784 0.0718 0.0400 0.0098
0.0007 0.2560 0.1139 0.6294
0.3831 0.1248 0.2113 0.2809

MOTIF filter2
letter-probability matrix: alength= 4 w= 7 nsites= 72716
0.5393 0.1775 0.0442 0.2391
0.4154 0.0726 0.0218 0.4901
0.7768 0.0179 0.0009 0.2043
0.6795 0.2225 0.0004 0.0976
0.7132 0.0807 0.0027 0.2034
0.6810 0.0160 0.0016 0.3014
0.6199 0.1423 0.0900 0.1478

MOTIF filter3
letter-probability matrix: alength= 4 w= 7 nsites= 21090
0.3416 0.0268 0.0162 0.6155
0.0882 0.5333 0.2201 0.1583
0.1336 0.0754 0.1924 0.5987
0.2057 0.0327 0.5411 0.2205
0.7385 0.1478 0.0543 0.0594
0.3654 0.5304 0.0516 0.0526
0.5302 0.0746 0.0453 0.3499

MOTIF filter4
letter-probability matrix: alength= 4 w= 7 nsites= 41579
0.1460 0.0269 0.7035 0.1237
0.1766 0.0932 0.3619 0.3683
0.3475 0.1661 0.1342 0.3521
0.6085 0.2258 0.0557 0.1101
0.5148 0.0744 0.1044 0.3064
0.3488 0.0021 0.1491 0.5000
0.0000 0.0003 0.8166 0.1831

MOTIF filter5
letter-probability matrix: alength= 4 w= 7 nsites= 24199
0.1940 0.0456 0.7369 0.0236
0.2914 0.0523 0.2843 0.3721
0.3393 0.0676 0.0363 0.5567
0.0563 0.0830 0.1504 0.7104
0.2229 0.0801 0.6630 0.0340
0.0935 0.1223 0.2903 0.4939
0.5095 0.1905 0.0956 0.2043

MOTIF filter6
letter-probability matrix: alength= 4 w= 7 nsites= 39380
0.1195 0.0267 0.2191 0.6346
0.0533 0.0642 0.6179 0.2646
0.0837 0.3833 0.4231 0.1099
0.3225 0.2392 0.1827 0.2556
0.3389 0.0106 0.3638 0.2867
0.0061 0.0414 0.9159 0.0367
0.3688 0.2614 0.2897 0.0802

MOTIF filter7
letter-probability matrix: alength= 4 w= 7 nsites= 24766
0.7536 0.1323 0.0928 0.0213
0.0431 0.6477 0.0807 0.2285
0.3926 0.0805 0.2628 0.2642
0.4474 0.0488 0.1417 0.3620
0.2832 0.3649 0.0787 0.2732
0.2767 0.0845 0.3193 0.3195
0.3916 0.1373 0.2281 0.2430

MOTIF filter8
letter-probability matrix: alength= 4 w= 7 nsites= 22761
0.6999 0.1297 0.0304 0.1400
0.1779 0.0945 0.6420 0.0855
0.4953 0.0878 0.0041 0.4128
0.0053 0.0915 0.8944 0.0088
0.2490 0.2850 0.4419 0.0241
0.3678 0.4127 0.0258 0.1937
0.2823 0.1093 0.5403 0.0681

MOTIF filter9
letter-probability matrix: alength= 4 w= 7 nsites= 14721
0.7444 0.0629 0.0694 0.1233
0.1810 0.0446 0.0608 0.7136
0.0858 0.5051 0.0854 0.3237
0.0365 0.1000 0.0368 0.8268
0.9076 0.0205 0.0138 0.0581
0.2465 0.1260 0.0210 0.6065
0.1499 0.5198 0.0641 0.2661

MOTIF filter10
letter-probability matrix: alength= 4 w= 7 nsites= 21208
0.2526 0.1165 0.0058 0.6251
0.4449 0.0144 0.1415 0.3992
0.0188 0.8557 0.0687 0.0568
0.2344 0.1584 0.0630 0.5441
0.1155 0.5031 0.0479 0.3335
0.1807 0.1261 0.1074 0.5858
0.4261 0.2921 0.1525 0.1293

MOTIF filter11
letter-probability matrix: alength= 4 w= 7 nsites= 30289
0.1226 0.0939 0.4704 0.3132
0.1264 0.3740 0.3534 0.1461
0.3073 0.2990 0.0043 0.3894
0.1450 0.1626 0.1904 0.5020
0.2850 0.2270 0.3435 0.1445
0.0360 0.0708 0.0384 0.8548
0.0007 0.0051 0.9914 0.0028

MOTIF filter12
letter-probability matrix: alength= 4 w= 7 nsites= 38376
0.3892 0.0830 0.0622 0.4656
0.3497 0.0284 0.0278 0.5941
0.4801 0.3199 0.0792 0.1208
0.3897 0.3211 0.0742 0.2150
0.3484 0.2824 0.0239 0.3453
0.1145 0.1280 0.0179 0.7396
0.1473 0.1438 0.1137 0.5953

MOTIF filter13
letter-probability matrix: alength= 4 w= 7 nsites= 22843
0.3775 0.0581 0.0544 0.5100
0.2710 0.0949 0.5380 0.0962
0.6748 0.1756 0.0523 0.0973
0.7474 0.0416 0.0485 0.1625
0.5750 0.1035 0.2154 0.1061
0.6433 0.0328 0.0709 0.2530
0.0275 0.0028 0.9116 0.0581

MOTIF filter14
letter-probability matrix: alength= 4 w= 7 nsites= 31541
0.5172 0.0633 0.1888 0.2306
0.1134 0.0034 0.6128 0.2704
0.2902 0.1272 0.4418 0.1407
0.3294 0.1630 0.0138 0.4937
0.4032 0.0861 0.0234 0.4873
0.1994 0.2648 0.0262 0.5096
0.3708 0.1677 0.0997 0.3618

MOTIF filter15
letter-probability matrix: alength= 4 w= 7 nsites= 27465
0.0886 0.0477 0.5373 0.3263
0.1921 0.0055 0.6666 0.1358
0.1225 0.2767 0.4268 0.1739
0.3402 0.0105 0.1339 0.5154
0.0168 0.0512 0.9214 0.0106
0.2978 0.3232 0.2336 0.1454
0.3557 0.1195 0.0708 0.4540

