MEME version 4

ALPHABET= ACGU

Background letter frequencies:
A 0.2881 C 0.1976 G 0.1895 U 0.3248

MOTIF filter0
letter-probability matrix: alength= 4 w= 7 nsites= 14133
0.0066 0.0181 0.2390 0.7363
0.4379 0.0195 0.3900 0.1527
0.8609 0.0150 0.1193 0.0048
0.0845 0.5795 0.1802 0.1558
0.4005 0.2385 0.2804 0.0806
0.1190 0.2133 0.5197 0.1479
0.3540 0.0326 0.2740 0.3394

MOTIF filter1
letter-probability matrix: alength= 4 w= 7 nsites= 54278
0.1311 0.0292 0.2858 0.5539
0.0000 0.3651 0.0922 0.5427
0.4499 0.2200 0.3300 0.0001
0.3385 0.0959 0.1411 0.4244
0.2945 0.0000 0.6262 0.0793
0.1001 0.0383 0.6552 0.2064
0.3043 0.1156 0.3788 0.2013

MOTIF filter2
letter-probability matrix: alength= 4 w= 7 nsites= 15485
0.3370 0.0485 0.3386 0.2759
0.5276 0.2158 0.2353 0.0212
0.0746 0.3085 0.5077 0.1093
0.1231 0.1465 0.5271 0.2033
0.0677 0.6838 0.1743 0.0742
0.1610 0.3411 0.2138 0.2841
0.2458 0.0143 0.4916 0.2483

MOTIF filter3
letter-probability matrix: alength= 4 w= 7 nsites= 21330
0.3862 0.2165 0.0258 0.3716
0.0778 0.2429 0.0034 0.6759
0.4834 0.2068 0.1085 0.2013
0.4978 0.0575 0.0503 0.3944
0.1011 0.0528 0.5709 0.2752
0.1888 0.2301 0.5758 0.0053
0.3966 0.0723 0.1836 0.3476

MOTIF filter4
letter-probability matrix: alength= 4 w= 7 nsites= 46369
0.4801 0.0411 0.1412 0.3375
0.0014 0.0000 0.9971 0.0015
0.3942 0.2244 0.0263 0.3550
0.3625 0.2164 0.0974 0.3237
0.4285 0.0663 0.0875 0.4177
0.0943 0.0209 0.7204 0.1644
0.2264 0.1692 0.4499 0.1546

MOTIF filter5
letter-probability matrix: alength= 4 w= 7 nsites= 46084
0.1202 0.0981 0.6487 0.1330
0.3305 0.2922 0.0493 0.3281
0.2574 0.2832 0.0808 0.3786
0.3170 0.2508 0.0699 0.3623
0.3088 0.2712 0.1268 0.2932
0.3404 0.1049 0.1180 0.4367
0.0811 0.0560 0.7631 0.0998

MOTIF filter6
letter-probability matrix: alength= 4 w= 7 nsites= 40967
0.1512 0.3949 0.1733 0.2806
0.3064 0.0488 0.0686 0.5762
0.0000 0.0132 0.9726 0.0141
0.3216 0.5278 0.1242 0.0264
0.0837 0.4571 0.0786 0.3807
0.3967 0.3367 0.1629 0.1037
0.4879 0.2273 0.1653 0.1195

MOTIF filter7
letter-probability matrix: alength= 4 w= 7 nsites= 19217
0.4406 0.2628 0.0168 0.2798
0.0575 0.0871 0.3604 0.4950
0.4849 0.0054 0.0159 0.4938
0.6340 0.0480 0.2690 0.0490
0.1027 0.8286 0.0550 0.0137
0.3470 0.0333 0.0201 0.5996
0.0085 0.4261 0.0882 0.4771

MOTIF filter8
letter-probability matrix: alength= 4 w= 7 nsites= 15941
0.0245 0.1455 0.0150 0.8150
0.4726 0.0500 0.3875 0.0898
0.6590 0.1533 0.0383 0.1495
0.0006 0.1138 0.1129 0.7727
0.6552 0.1287 0.1397 0.0765
0.7940 0.0680 0.0649 0.0730
0.2450 0.3955 0.2095 0.1500

MOTIF filter9
letter-probability matrix: alength= 4 w= 7 nsites= 22988
0.0062 0.2680 0.5614 0.1644
0.3083 0.0893 0.2223 0.3800
0.0605 0.6310 0.2983 0.0102
0.8367 0.0809 0.0335 0.0489
0.3616 0.0884 0.3142 0.2359
0.3154 0.0400 0.2352 0.4094
0.2208 0.6982 0.0350 0.0460

MOTIF filter10
letter-probability matrix: alength= 4 w= 7 nsites= 20795
0.4220 0.3147 0.0496 0.2137
0.8706 0.1210 0.0077 0.0007
0.2736 0.6584 0.0664 0.0015
0.1100 0.5756 0.0536 0.2609
0.3084 0.3447 0.1155 0.2314
0.2540 0.0909 0.2329 0.4222
0.0194 0.0626 0.4594 0.4586

MOTIF filter11
letter-probability matrix: alength= 4 w= 7 nsites= 8293
0.2259 0.0904 0.2442 0.4396
0.3700 0.4858 0.0458 0.0983
0.7111 0.1899 0.0544 0.0446
0.2737 0.1615 0.0365 0.5283
0.5353 0.0941 0.1711 0.1995
0.0671 0.1780 0.6485 0.1063
0.0799 0.0345 0.7493 0.1363

MOTIF filter12
letter-probability matrix: alength= 4 w= 7 nsites= 20247
0.1306 0.2530 0.0161 0.6003
0.2814 0.4137 0.2537 0.0513
0.1658 0.0240 0.2291 0.5811
0.1194 0.1815 0.2956 0.4035
0.1622 0.3787 0.2475 0.2115
0.3213 0.2225 0.2173 0.2390
0.5781 0.0213 0.1725 0.2281

MOTIF filter13
letter-probability matrix: alength= 4 w= 7 nsites= 30065
0.3607 0.2157 0.1823 0.2413
0.3604 0.0498 0.0562 0.5337
0.0099 0.0062 0.9142 0.0697
0.2641 0.1484 0.1478 0.4397
0.1626 0.1555 0.4013 0.2806
0.3135 0.2756 0.0308 0.3802
0.5125 0.1696 0.0242 0.2937

MOTIF filter14
letter-probability matrix: alength= 4 w= 7 nsites= 25385
0.0020 0.4921 0.0006 0.5053
0.1918 0.1105 0.1368 0.5610
0.2915 0.0775 0.0359 0.5951
0.5713 0.2922 0.0233 0.1132
0.8675 0.0581 0.0026 0.0718
0.1786 0.4260 0.0174 0.3779
0.4331 0.1099 0.0649 0.3921

MOTIF filter15
letter-probability matrix: alength= 4 w= 7 nsites= 19401
0.2521 0.0869 0.5638 0.0972
0.2123 0.3907 0.1341 0.2629
0.4380 0.4925 0.0204 0.0491
0.3184 0.0376 0.0161 0.6279
0.0371 0.9342 0.0003 0.0284
0.0691 0.2491 0.0586 0.6232
0.2486 0.1700 0.1450 0.4364

