MEME version 4

ALPHABET= ACGU

Background letter frequencies:
A 0.2765 C 0.1950 G 0.2010 U 0.3275

MOTIF filter0
letter-probability matrix: alength= 4 w= 7 nsites= 75766
0.2448 0.1422 0.2265 0.3865
0.2341 0.0803 0.2056 0.4799
0.2507 0.1112 0.2720 0.3660
0.3159 0.0846 0.1080 0.4915
0.2191 0.0587 0.4279 0.2943
0.2666 0.1032 0.3639 0.2663
0.3417 0.1477 0.3592 0.1514

MOTIF filter1
letter-probability matrix: alength= 4 w= 7 nsites= 30220
0.3163 0.3271 0.0812 0.2754
0.5278 0.2051 0.1064 0.1607
0.5825 0.1818 0.1099 0.1258
0.5505 0.3039 0.0967 0.0489
0.3362 0.5590 0.0483 0.0565
0.2968 0.4867 0.1325 0.0840
0.2269 0.3425 0.3403 0.0903

MOTIF filter2
letter-probability matrix: alength= 4 w= 7 nsites= 80829
0.1420 0.1334 0.0629 0.6616
0.1406 0.1864 0.0469 0.6261
0.1527 0.1834 0.0374 0.6265
0.0491 0.2637 0.0247 0.6625
0.1599 0.2611 0.0384 0.5407
0.1588 0.3448 0.0788 0.4177
0.1543 0.3281 0.0876 0.4300

MOTIF filter3
letter-probability matrix: alength= 4 w= 7 nsites= 53293
0.3343 0.3324 0.2169 0.1164
0.3805 0.2934 0.0583 0.2677
0.2516 0.2295 0.2063 0.3126
0.1606 0.2158 0.2123 0.4113
0.1239 0.3032 0.3201 0.2529
0.1516 0.4742 0.1896 0.1846
0.1414 0.6136 0.1382 0.1069

MOTIF filter4
letter-probability matrix: alength= 4 w= 7 nsites= 48668
0.1482 0.2419 0.3585 0.2514
0.0557 0.4210 0.4036 0.1198
0.0961 0.5476 0.0934 0.2629
0.1398 0.4084 0.1180 0.3338
0.1935 0.2827 0.2088 0.3149
0.2328 0.2946 0.2229 0.2497
0.2464 0.2649 0.3106 0.1781

MOTIF filter5
letter-probability matrix: alength= 4 w= 7 nsites= 106434
0.0850 0.0725 0.0674 0.7752
0.1082 0.1467 0.0354 0.7097
0.1134 0.1871 0.0391 0.6605
0.1059 0.2237 0.0444 0.6260
0.2392 0.1634 0.0323 0.5651
0.3683 0.0944 0.0557 0.4817
0.3785 0.1229 0.0809 0.4178

MOTIF filter6
letter-probability matrix: alength= 4 w= 7 nsites= 46924
0.2749 0.2409 0.0460 0.4382
0.2872 0.2595 0.0976 0.3557
0.3040 0.2192 0.1721 0.3047
0.3168 0.2725 0.1459 0.2648
0.3374 0.2515 0.0873 0.3239
0.3763 0.2684 0.0114 0.3438
0.2117 0.4865 0.0009 0.3010

MOTIF filter7
letter-probability matrix: alength= 4 w= 7 nsites= 111858
0.1061 0.0698 0.0843 0.7399
0.0967 0.1326 0.1042 0.6665
0.1012 0.1372 0.0935 0.6680
0.0953 0.1432 0.0627 0.6989
0.1591 0.1027 0.0662 0.6720
0.1722 0.1561 0.0710 0.6007
0.2315 0.1397 0.0814 0.5473

MOTIF filter8
letter-probability matrix: alength= 4 w= 7 nsites= 18989
0.2247 0.4350 0.2589 0.0814
0.1358 0.3299 0.2477 0.2865
0.2885 0.2470 0.1602 0.3043
0.1702 0.2308 0.2966 0.3024
0.1662 0.4089 0.2987 0.1262
0.0390 0.5321 0.2905 0.1384
0.0814 0.6502 0.1053 0.1631

MOTIF filter9
letter-probability matrix: alength= 4 w= 7 nsites= 101010
0.2554 0.1033 0.0099 0.6314
0.1495 0.2187 0.0181 0.6136
0.2979 0.1877 0.0184 0.4960
0.1934 0.1578 0.1290 0.5198
0.2311 0.0327 0.2780 0.4581
0.1602 0.0753 0.2872 0.4773
0.2137 0.0955 0.2050 0.4859

MOTIF filter10
letter-probability matrix: alength= 4 w= 7 nsites= 54789
0.1713 0.1576 0.2444 0.4267
0.1647 0.1568 0.1433 0.5352
0.1851 0.0277 0.0917 0.6955
0.1111 0.0272 0.2380 0.6237
0.0734 0.1862 0.2478 0.4926
0.1290 0.2010 0.2753 0.3947
0.1351 0.2563 0.0847 0.5238

MOTIF filter11
letter-probability matrix: alength= 4 w= 7 nsites= 69212
0.1717 0.0400 0.3794 0.4089
0.1719 0.0527 0.4032 0.3722
0.1636 0.1826 0.4248 0.2289
0.1681 0.2585 0.3256 0.2478
0.1397 0.3982 0.3661 0.0959
0.2564 0.3396 0.2792 0.1247
0.1753 0.2549 0.2504 0.3194

MOTIF filter12
letter-probability matrix: alength= 4 w= 7 nsites= 38212
0.1185 0.2202 0.1812 0.4801
0.2565 0.2930 0.0996 0.3508
0.3486 0.1516 0.1800 0.3198
0.4784 0.1385 0.2671 0.1160
0.4056 0.0509 0.3876 0.1559
0.2583 0.0931 0.5292 0.1193
0.1486 0.0881 0.4207 0.3426

MOTIF filter13
letter-probability matrix: alength= 4 w= 7 nsites= 136330
0.3907 0.1864 0.1521 0.2708
0.3888 0.1073 0.3067 0.1972
0.3391 0.0725 0.3337 0.2547
0.2155 0.0418 0.5117 0.2311
0.2327 0.0385 0.4152 0.3136
0.2142 0.0708 0.4595 0.2554
0.3265 0.1657 0.1775 0.3303

MOTIF filter14
letter-probability matrix: alength= 4 w= 7 nsites= 55581
0.2510 0.1010 0.2991 0.3489
0.2910 0.1009 0.3883 0.2198
0.2884 0.1140 0.3077 0.2899
0.4515 0.0264 0.3231 0.1990
0.5557 0.1312 0.1636 0.1495
0.6819 0.1655 0.0766 0.0760
0.4831 0.1705 0.1616 0.1848

MOTIF filter15
letter-probability matrix: alength= 4 w= 7 nsites= 38640
0.3199 0.0842 0.4175 0.1784
0.4644 0.1367 0.1735 0.2254
0.3071 0.1660 0.1781 0.3488
0.2366 0.2734 0.1975 0.2925
0.2117 0.3510 0.1754 0.2619
0.2042 0.3620 0.1487 0.2851
0.1756 0.4038 0.1291 0.2915

