MEME version 4

ALPHABET= ACGU

Background letter frequencies:
A 0.2779 C 0.1953 G 0.2000 U 0.3269

MOTIF filter0
letter-probability matrix: alength= 4 w= 7 nsites= 14948
0.1202 0.1878 0.1630 0.5290
0.1282 0.1874 0.2323 0.4521
0.1872 0.0813 0.2293 0.5022
0.1737 0.1439 0.3597 0.3228
0.1678 0.0811 0.1945 0.5566
0.1386 0.2573 0.2016 0.4025
0.2059 0.2606 0.0875 0.4460

MOTIF filter1
letter-probability matrix: alength= 4 w= 7 nsites= 13210
0.1777 0.1965 0.0835 0.5424
0.2333 0.2048 0.0796 0.4823
0.3119 0.2284 0.1186 0.3411
0.2394 0.2087 0.3592 0.1927
0.1785 0.0599 0.6249 0.1367
0.1913 0.0306 0.6308 0.1473
0.2625 0.0745 0.4841 0.1788

MOTIF filter2
letter-probability matrix: alength= 4 w= 7 nsites= 56337
0.2571 0.1430 0.0438 0.5561
0.2538 0.1789 0.0013 0.5660
0.3245 0.1188 0.0013 0.5554
0.2873 0.1704 0.0004 0.5420
0.2620 0.1648 0.0208 0.5524
0.2703 0.1565 0.0305 0.5428
0.2956 0.1232 0.0975 0.4836

MOTIF filter3
letter-probability matrix: alength= 4 w= 7 nsites= 17698
0.4747 0.1359 0.0652 0.3243
0.3121 0.1919 0.0533 0.4427
0.3267 0.2488 0.0545 0.3699
0.1958 0.2130 0.0590 0.5323
0.2576 0.1626 0.1196 0.4602
0.1197 0.2058 0.2940 0.3805
0.3170 0.1567 0.3258 0.2005

MOTIF filter4
letter-probability matrix: alength= 4 w= 7 nsites= 16577
0.1661 0.5249 0.0193 0.2897
0.2581 0.3203 0.0222 0.3994
0.2677 0.1803 0.1541 0.3979
0.1888 0.1026 0.1577 0.5509
0.1096 0.2449 0.1970 0.4485
0.2067 0.2622 0.0657 0.4654
0.1675 0.2748 0.0971 0.4605

MOTIF filter5
letter-probability matrix: alength= 4 w= 7 nsites= 20377
0.0450 0.1364 0.3367 0.4819
0.0576 0.0992 0.2199 0.6233
0.1572 0.1046 0.1632 0.5750
0.1611 0.0400 0.2135 0.5853
0.1535 0.0338 0.3168 0.4960
0.0861 0.0460 0.2745 0.5934
0.1060 0.0299 0.1878 0.6763

MOTIF filter6
letter-probability matrix: alength= 4 w= 7 nsites= 12411
0.2781 0.1713 0.3027 0.2478
0.1493 0.1557 0.2313 0.4637
0.1126 0.2698 0.2341 0.3836
0.2155 0.2218 0.1561 0.4066
0.2429 0.2454 0.1661 0.3456
0.2234 0.0830 0.3412 0.3525
0.1178 0.1141 0.4785 0.2896

MOTIF filter7
letter-probability matrix: alength= 4 w= 7 nsites= 12478
0.2830 0.1633 0.0641 0.4896
0.1992 0.1513 0.2311 0.4184
0.2827 0.1276 0.2057 0.3839
0.2536 0.1029 0.4160 0.2275
0.2511 0.0990 0.4827 0.1672
0.1975 0.1650 0.4950 0.1426
0.2492 0.1835 0.3488 0.2185

MOTIF filter8
letter-probability matrix: alength= 4 w= 7 nsites= 18269
0.1836 0.0816 0.0223 0.7125
0.0820 0.1805 0.0346 0.7028
0.2869 0.1753 0.0307 0.5070
0.3294 0.1904 0.0458 0.4344
0.4108 0.1299 0.0642 0.3951
0.2335 0.1361 0.1169 0.5134
0.1583 0.1446 0.0953 0.6018

MOTIF filter9
letter-probability matrix: alength= 4 w= 7 nsites= 9740
0.5579 0.0799 0.3080 0.0542
0.3975 0.0169 0.4384 0.1472
0.5579 0.0201 0.2281 0.1939
0.4100 0.0446 0.2669 0.2784
0.4595 0.1176 0.1039 0.3191
0.3786 0.1221 0.1909 0.3084
0.3024 0.1284 0.3497 0.2195

MOTIF filter10
letter-probability matrix: alength= 4 w= 7 nsites= 20136
0.2212 0.1707 0.3554 0.2527
0.2375 0.3203 0.1352 0.3070
0.1124 0.4118 0.0390 0.4367
0.1448 0.4319 0.0024 0.4210
0.1363 0.3867 0.0053 0.4717
0.2389 0.2857 0.0057 0.4697
0.1775 0.2863 0.0594 0.4768

MOTIF filter11
letter-probability matrix: alength= 4 w= 7 nsites= 18170
0.1869 0.3265 0.0063 0.4804
0.3668 0.3563 0.0153 0.2615
0.4155 0.1930 0.0204 0.3711
0.4399 0.2078 0.0692 0.2832
0.3140 0.1756 0.0933 0.4171
0.3480 0.1316 0.2046 0.3158
0.3125 0.0774 0.2018 0.4083

MOTIF filter12
letter-probability matrix: alength= 4 w= 7 nsites= 23286
0.4497 0.1744 0.1364 0.2395
0.3278 0.1680 0.1600 0.3441
0.2047 0.0538 0.2399 0.5016
0.0983 0.0650 0.4323 0.4045
0.2051 0.1921 0.3529 0.2498
0.3157 0.1982 0.2894 0.1967
0.4124 0.2163 0.2151 0.1562

MOTIF filter13
letter-probability matrix: alength= 4 w= 7 nsites= 23927
0.2735 0.1490 0.2345 0.3430
0.4952 0.1076 0.1924 0.2048
0.6714 0.0771 0.1498 0.1018
0.6400 0.1089 0.1909 0.0602
0.5195 0.0869 0.1675 0.2262
0.2899 0.2125 0.2428 0.2548
0.2552 0.2174 0.1206 0.4069

MOTIF filter14
letter-probability matrix: alength= 4 w= 7 nsites= 9487
0.2217 0.2009 0.1720 0.4054
0.1968 0.1637 0.2562 0.3832
0.0418 0.0948 0.3265 0.5368
0.0473 0.0962 0.5262 0.3303
0.2010 0.1572 0.3203 0.3215
0.2964 0.1723 0.3921 0.1393
0.3858 0.2022 0.2918 0.1202

MOTIF filter15
letter-probability matrix: alength= 4 w= 7 nsites= 13284
0.1648 0.1649 0.2740 0.3963
0.1603 0.1399 0.4506 0.2492
0.0676 0.2291 0.4834 0.2200
0.2260 0.2912 0.3259 0.1570
0.2847 0.2689 0.0439 0.4025
0.2976 0.1309 0.1908 0.3807
0.1701 0.1446 0.3577 0.3276

