MEME version 4

ALPHABET= ACGU

Background letter frequencies:
A 0.2758 C 0.1950 G 0.2012 U 0.3280

MOTIF filter0
letter-probability matrix: alength= 4 w= 7 nsites= 23712
0.2871 0.3174 0.1321 0.2634
0.7175 0.0132 0.0224 0.2469
0.1389 0.0799 0.4453 0.3358
0.6416 0.0287 0.0196 0.3102
0.5287 0.0690 0.0545 0.3478
0.6060 0.0442 0.0220 0.3278
0.4096 0.2575 0.0691 0.2638

MOTIF filter1
letter-probability matrix: alength= 4 w= 7 nsites= 22834
0.1138 0.0161 0.3793 0.4908
0.4909 0.1745 0.2711 0.0635
0.2425 0.2030 0.2625 0.2920
0.0153 0.1647 0.4138 0.4063
0.0983 0.0252 0.5922 0.2843
0.2065 0.0153 0.7730 0.0053
0.2583 0.2534 0.0560 0.4323

MOTIF filter2
letter-probability matrix: alength= 4 w= 7 nsites= 62247
0.2404 0.4032 0.1383 0.2181
0.2260 0.0896 0.0590 0.6254
0.0942 0.2318 0.0349 0.6391
0.0661 0.2383 0.0088 0.6868
0.0402 0.1096 0.0025 0.8476
0.1546 0.2363 0.1782 0.4309
0.5064 0.1148 0.0124 0.3664

MOTIF filter3
letter-probability matrix: alength= 4 w= 7 nsites= 22927
0.2844 0.2557 0.0118 0.4480
0.2927 0.0218 0.0093 0.6762
0.3081 0.1637 0.2190 0.3092
0.3800 0.4061 0.1586 0.0554
0.2327 0.0894 0.0180 0.6599
0.1675 0.7990 0.0036 0.0298
0.2256 0.5088 0.0725 0.1931

MOTIF filter4
letter-probability matrix: alength= 4 w= 7 nsites= 24206
0.0271 0.1766 0.1430 0.6532
0.0879 0.3620 0.0159 0.5342
0.0302 0.0557 0.5549 0.3591
0.7062 0.0451 0.0214 0.2273
0.2828 0.0008 0.7082 0.0082
0.4099 0.1284 0.3005 0.1612
0.0313 0.4433 0.0007 0.5247

MOTIF filter5
letter-probability matrix: alength= 4 w= 7 nsites= 30778
0.4692 0.1584 0.0850 0.2874
0.3802 0.0129 0.3783 0.2287
0.2378 0.0607 0.6356 0.0659
0.6204 0.0928 0.0388 0.2480
0.4918 0.0032 0.2460 0.2591
0.1152 0.0167 0.8595 0.0086
0.4677 0.0427 0.0083 0.4812

MOTIF filter6
letter-probability matrix: alength= 4 w= 7 nsites= 28516
0.5459 0.2413 0.0792 0.1336
0.0244 0.0118 0.0641 0.8997
0.0959 0.1076 0.4106 0.3859
0.0411 0.3861 0.2183 0.3545
0.6288 0.1788 0.0830 0.1094
0.2107 0.2960 0.1778 0.3155
0.3210 0.2464 0.1597 0.2729

MOTIF filter7
letter-probability matrix: alength= 4 w= 7 nsites= 46001
0.4809 0.0876 0.0058 0.4257
0.2753 0.1017 0.1687 0.4543
0.0670 0.1370 0.1188 0.6772
0.1338 0.0862 0.0253 0.7547
0.0676 0.5984 0.1241 0.2099
0.0654 0.4441 0.0616 0.4289
0.0767 0.3761 0.0124 0.5349

MOTIF filter8
letter-probability matrix: alength= 4 w= 7 nsites= 33903
0.0441 0.2243 0.1982 0.5334
0.4597 0.2822 0.0507 0.2075
0.4766 0.0850 0.2985 0.1399
0.0541 0.1122 0.1466 0.6871
0.0443 0.2812 0.0849 0.5896
0.0324 0.6528 0.0432 0.2715
0.3541 0.0255 0.0379 0.5824

MOTIF filter9
letter-probability matrix: alength= 4 w= 7 nsites= 23435
0.8109 0.0737 0.0049 0.1106
0.0968 0.5937 0.0453 0.2642
0.6182 0.2893 0.0294 0.0631
0.1740 0.3991 0.0476 0.3793
0.5801 0.1862 0.2044 0.0292
0.4461 0.0224 0.2951 0.2364
0.3210 0.2306 0.2967 0.1517

MOTIF filter10
letter-probability matrix: alength= 4 w= 7 nsites= 49010
0.4339 0.3383 0.0854 0.1424
0.7384 0.0778 0.0024 0.1813
0.1051 0.0000 0.8948 0.0001
0.3512 0.1586 0.0717 0.4185
0.4261 0.1105 0.1673 0.2960
0.2679 0.2688 0.0254 0.4379
0.4250 0.1422 0.1593 0.2736

MOTIF filter11
letter-probability matrix: alength= 4 w= 7 nsites= 34798
0.0728 0.4140 0.1588 0.3543
0.0490 0.5507 0.3968 0.0035
0.0474 0.5131 0.0179 0.4216
0.2420 0.2623 0.0216 0.4741
0.3713 0.0603 0.3022 0.2662
0.3498 0.1121 0.4857 0.0524
0.2026 0.0896 0.2270 0.4808

MOTIF filter12
letter-probability matrix: alength= 4 w= 7 nsites= 31423
0.0046 0.0380 0.0053 0.9521
0.2097 0.3779 0.4016 0.0108
0.7399 0.1308 0.0127 0.1166
0.2406 0.0720 0.3963 0.2910
0.2305 0.0434 0.4482 0.2779
0.4402 0.2566 0.1916 0.1117
0.3651 0.0446 0.1735 0.4168

MOTIF filter13
letter-probability matrix: alength= 4 w= 7 nsites= 97014
0.2636 0.1980 0.2127 0.3258
0.2160 0.2272 0.3042 0.2526
0.3240 0.0278 0.0049 0.6433
0.0000 0.0003 0.9997 0.0000
0.3122 0.2763 0.0836 0.3279
0.1891 0.1911 0.2977 0.3221
0.3757 0.0982 0.2576 0.2685

MOTIF filter14
letter-probability matrix: alength= 4 w= 7 nsites= 39107
0.0830 0.0494 0.3508 0.5168
0.0097 0.0565 0.3472 0.5866
0.0240 0.0177 0.0389 0.9193
0.1092 0.0560 0.1182 0.7167
0.2141 0.0119 0.0519 0.7221
0.0279 0.0585 0.0195 0.8941
0.0670 0.0224 0.1479 0.7627

MOTIF filter15
letter-probability matrix: alength= 4 w= 7 nsites= 27457
0.2582 0.4929 0.1590 0.0899
0.4769 0.1595 0.1452 0.2184
0.3991 0.1905 0.2672 0.1431
0.2703 0.0441 0.0532 0.6325
0.2922 0.2858 0.4168 0.0052
0.0805 0.1280 0.1673 0.6242
0.2603 0.2142 0.4028 0.1228

