MEME version 4

ALPHABET= ACGU

Background letter frequencies:
A 0.2854 C 0.1920 G 0.1997 U 0.3229

MOTIF filter0
letter-probability matrix: alength= 4 w= 7 nsites= 13169
0.2244 0.1024 0.3020 0.3712
0.1524 0.1137 0.3718 0.3621
0.1601 0.1671 0.3021 0.3708
0.1659 0.1832 0.3227 0.3282
0.1827 0.2103 0.2529 0.3541
0.2096 0.2158 0.0808 0.4938
0.2006 0.1827 0.1063 0.5104

MOTIF filter1
letter-probability matrix: alength= 4 w= 7 nsites= 8350
0.1306 0.1509 0.5051 0.2133
0.1301 0.1292 0.5976 0.1432
0.1627 0.1301 0.5601 0.1471
0.1390 0.1245 0.6210 0.1155
0.1561 0.1430 0.5850 0.1159
0.1345 0.1179 0.6199 0.1276
0.1405 0.1569 0.5950 0.1075

MOTIF filter2
letter-probability matrix: alength= 4 w= 7 nsites= 14301
0.1545 0.0624 0.2269 0.5562
0.0789 0.2740 0.2622 0.3849
0.1797 0.3623 0.1174 0.3407
0.1346 0.3831 0.1894 0.2929
0.1314 0.2828 0.3107 0.2751
0.1871 0.2402 0.3388 0.2340
0.1859 0.2520 0.4150 0.1471

MOTIF filter3
letter-probability matrix: alength= 4 w= 7 nsites= 13791
0.2632 0.1636 0.3145 0.2587
0.2439 0.1578 0.2665 0.3318
0.2687 0.1888 0.1656 0.3768
0.2494 0.3376 0.1177 0.2953
0.3381 0.2916 0.0621 0.3082
0.2563 0.2289 0.3109 0.2040
0.2798 0.0647 0.4881 0.1673

MOTIF filter4
letter-probability matrix: alength= 4 w= 7 nsites= 22904
0.1713 0.3067 0.2642 0.2579
0.1276 0.3051 0.2326 0.3347
0.1217 0.3516 0.1762 0.3504
0.1319 0.3308 0.0876 0.4497
0.1232 0.3042 0.0718 0.5008
0.1299 0.1741 0.1275 0.5685
0.0742 0.0972 0.4384 0.3903

MOTIF filter5
letter-probability matrix: alength= 4 w= 7 nsites= 31514
0.5456 0.3238 0.0002 0.1304
0.3667 0.4384 0.0003 0.1947
0.3813 0.3635 0.0037 0.2514
0.3669 0.2756 0.0602 0.2974
0.4138 0.2096 0.0744 0.3022
0.4046 0.2130 0.0851 0.2973
0.4036 0.2480 0.0765 0.2719

MOTIF filter6
letter-probability matrix: alength= 4 w= 7 nsites= 19885
0.2208 0.3809 0.1536 0.2447
0.1583 0.3731 0.1823 0.2863
0.1928 0.2493 0.0998 0.4582
0.1675 0.1876 0.0814 0.5635
0.1624 0.0678 0.0112 0.7587
0.2155 0.2020 0.0060 0.5765
0.3582 0.1946 0.0051 0.4421

MOTIF filter7
letter-probability matrix: alength= 4 w= 7 nsites= 17286
0.2837 0.1175 0.3529 0.2459
0.2216 0.0426 0.3476 0.3881
0.1522 0.0507 0.5528 0.2443
0.2933 0.0887 0.2679 0.3500
0.2465 0.1309 0.3957 0.2270
0.2840 0.1542 0.2907 0.2710
0.2116 0.1698 0.3855 0.2331

MOTIF filter8
letter-probability matrix: alength= 4 w= 7 nsites= 14887
0.4207 0.0472 0.2342 0.2980
0.4563 0.0518 0.2449 0.2470
0.4265 0.0457 0.2481 0.2797
0.3692 0.0250 0.4018 0.2040
0.3346 0.0130 0.3302 0.3222
0.2596 0.0145 0.3118 0.4141
0.3025 0.0195 0.2238 0.4542

MOTIF filter9
letter-probability matrix: alength= 4 w= 7 nsites= 16151
0.3200 0.1170 0.3674 0.1956
0.2659 0.1618 0.3993 0.1730
0.4258 0.1704 0.1164 0.2874
0.3341 0.1035 0.3273 0.2350
0.3511 0.1121 0.3278 0.2090
0.2945 0.1671 0.3788 0.1596
0.3761 0.2165 0.1553 0.2521

MOTIF filter10
letter-probability matrix: alength= 4 w= 7 nsites= 11419
0.2909 0.1205 0.4981 0.0904
0.3342 0.1536 0.4177 0.0945
0.1965 0.3438 0.3219 0.1378
0.0949 0.4034 0.1654 0.3363
0.2141 0.3592 0.1118 0.3149
0.2382 0.1826 0.3184 0.2608
0.4275 0.1690 0.3375 0.0660

MOTIF filter11
letter-probability matrix: alength= 4 w= 7 nsites= 74324
0.2630 0.0911 0.4300 0.2159
0.2690 0.1099 0.4175 0.2036
0.2784 0.1577 0.3843 0.1796
0.3839 0.2017 0.0913 0.3231
0.3591 0.1936 0.0763 0.3710
0.2923 0.1968 0.1035 0.4073
0.2650 0.2187 0.1394 0.3769

MOTIF filter12
letter-probability matrix: alength= 4 w= 7 nsites= 13370
0.2512 0.1087 0.1866 0.4534
0.4587 0.1154 0.1342 0.2918
0.4595 0.2067 0.1774 0.1563
0.3315 0.2450 0.1229 0.3006
0.3756 0.1967 0.1278 0.2999
0.4753 0.1948 0.0418 0.2882
0.4820 0.2194 0.0540 0.2447

MOTIF filter13
letter-probability matrix: alength= 4 w= 7 nsites= 12962
0.4175 0.2749 0.0475 0.2601
0.2718 0.2237 0.0685 0.4361
0.0870 0.2326 0.0735 0.6069
0.1086 0.1825 0.0806 0.6283
0.1868 0.2780 0.0654 0.4698
0.1669 0.4260 0.0302 0.3769
0.3172 0.3673 0.0701 0.2453

MOTIF filter14
letter-probability matrix: alength= 4 w= 7 nsites= 9978
0.3147 0.3958 0.0659 0.2236
0.3357 0.3040 0.0892 0.2711
0.2685 0.2597 0.2585 0.2134
0.2516 0.3389 0.2579 0.1517
0.1237 0.3223 0.2242 0.3298
0.1592 0.4583 0.0364 0.3461
0.3420 0.2753 0.0514 0.3313

MOTIF filter15
letter-probability matrix: alength= 4 w= 7 nsites= 13136
0.2565 0.3953 0.1567 0.1916
0.2078 0.3218 0.3096 0.1607
0.1334 0.3895 0.3122 0.1649
0.2129 0.3336 0.2363 0.2173
0.1912 0.2524 0.3621 0.1943
0.2488 0.1973 0.3903 0.1635
0.1699 0.3476 0.4275 0.0549

