MEME version 4

ALPHABET= ACGU

Background letter frequencies:
A 0.2873 C 0.1910 G 0.1997 U 0.3221

MOTIF filter0
letter-probability matrix: alength= 4 w= 7 nsites= 200436
0.4020 0.2686 0.0773 0.2521
0.3150 0.3933 0.0967 0.1949
0.4363 0.3393 0.0332 0.1912
0.4496 0.0067 0.1201 0.4237
0.0000 0.0027 0.9973 0.0000
0.2585 0.3536 0.0113 0.3766
0.4280 0.1944 0.0628 0.3148

MOTIF filter1
letter-probability matrix: alength= 4 w= 7 nsites= 110193
0.2777 0.0727 0.2186 0.4310
0.5321 0.0076 0.2597 0.2006
0.0263 0.0128 0.8749 0.0861
0.6846 0.0964 0.0492 0.1699
0.2936 0.0181 0.2297 0.4586
0.4285 0.0878 0.0841 0.3997
0.5693 0.1240 0.1707 0.1360

MOTIF filter2
letter-probability matrix: alength= 4 w= 7 nsites= 74463
0.2459 0.0396 0.1218 0.5926
0.7204 0.0203 0.1895 0.0698
0.0058 0.5109 0.0009 0.4824
0.1558 0.0348 0.0074 0.8020
0.4593 0.2799 0.0766 0.1841
0.5287 0.0579 0.3666 0.0469
0.1100 0.0346 0.4588 0.3965

MOTIF filter3
letter-probability matrix: alength= 4 w= 7 nsites= 115102
0.2520 0.0488 0.0363 0.6629
0.0910 0.0038 0.0001 0.9051
0.2702 0.3075 0.0036 0.4187
0.3665 0.0568 0.0454 0.5313
0.2584 0.2916 0.1311 0.3189
0.2872 0.1284 0.1301 0.4544
0.2967 0.2174 0.3540 0.1319

MOTIF filter4
letter-probability matrix: alength= 4 w= 7 nsites= 150307
0.1802 0.4121 0.1078 0.2999
0.1037 0.5135 0.1017 0.2810
0.3833 0.0856 0.0048 0.5262
0.0000 0.0018 0.9982 0.0000
0.2622 0.5479 0.0204 0.1696
0.2044 0.4120 0.0575 0.3261
0.2314 0.2332 0.1296 0.4058

MOTIF filter5
letter-probability matrix: alength= 4 w= 7 nsites= 135803
0.1250 0.4856 0.0261 0.3633
0.5624 0.2424 0.0315 0.1637
0.3948 0.1845 0.0059 0.4149
0.0524 0.7263 0.0000 0.2213
0.5544 0.3388 0.0001 0.1067
0.4814 0.3319 0.0092 0.1775
0.3082 0.3046 0.2064 0.1809

MOTIF filter6
letter-probability matrix: alength= 4 w= 7 nsites= 49851
0.1996 0.0438 0.6809 0.0757
0.0858 0.1117 0.6744 0.1281
0.1840 0.1457 0.5025 0.1678
0.0231 0.0776 0.7065 0.1928
0.1057 0.0762 0.6438 0.1743
0.0105 0.0751 0.9126 0.0018
0.1776 0.4787 0.0946 0.2491

MOTIF filter7
letter-probability matrix: alength= 4 w= 7 nsites= 172733
0.2139 0.2345 0.0640 0.4876
0.1916 0.3471 0.1105 0.3508
0.4338 0.0191 0.0949 0.4521
0.0252 0.0000 0.9105 0.0643
0.7188 0.2557 0.0083 0.0172
0.5809 0.0654 0.1118 0.2419
0.3499 0.1837 0.1898 0.2766

MOTIF filter8
letter-probability matrix: alength= 4 w= 7 nsites= 162003
0.8920 0.0064 0.0043 0.0973
0.4771 0.0179 0.4521 0.0529
0.7549 0.0244 0.0103 0.2104
0.5337 0.0949 0.0266 0.3448
0.5830 0.0212 0.3111 0.0847
0.3409 0.1276 0.3927 0.1388
0.4790 0.2269 0.0269 0.2672

MOTIF filter9
letter-probability matrix: alength= 4 w= 7 nsites= 109837
0.0413 0.0485 0.7226 0.1877
0.1478 0.1211 0.2859 0.4452
0.3068 0.0005 0.0018 0.6910
0.0244 0.0896 0.0013 0.8847
0.3088 0.1499 0.2191 0.3222
0.1580 0.4045 0.1394 0.2981
0.0982 0.1858 0.0559 0.6600

MOTIF filter10
letter-probability matrix: alength= 4 w= 7 nsites= 538172
0.2920 0.2024 0.1882 0.3174
0.2519 0.1961 0.1825 0.3695
0.3122 0.0680 0.2744 0.3454
0.2880 0.2108 0.1904 0.3108
0.2669 0.0711 0.2240 0.4379
0.0000 0.0000 1.0000 0.0000
0.3090 0.1770 0.3165 0.1975

MOTIF filter11
letter-probability matrix: alength= 4 w= 7 nsites= 87897
0.0053 0.0618 0.9177 0.0152
0.3723 0.1290 0.0044 0.4943
0.1319 0.0890 0.6664 0.1127
0.1648 0.3299 0.2877 0.2177
0.4975 0.0830 0.0358 0.3837
0.1560 0.2601 0.3624 0.2216
0.2296 0.3326 0.1765 0.2613

MOTIF filter12
letter-probability matrix: alength= 4 w= 7 nsites= 348034
0.2463 0.1974 0.0714 0.4850
0.0778 0.2806 0.1975 0.4441
0.1531 0.5364 0.0000 0.3106
0.1082 0.3419 0.0947 0.4551
0.2729 0.2683 0.0058 0.4531
0.2228 0.1603 0.0229 0.5940
0.0554 0.2749 0.2071 0.4626

MOTIF filter13
letter-probability matrix: alength= 4 w= 7 nsites= 88093
0.2982 0.1328 0.0435 0.5255
0.1491 0.0273 0.0809 0.7427
0.0336 0.0161 0.6406 0.3097
0.1325 0.0110 0.2554 0.6011
0.2057 0.0922 0.1386 0.5636
0.1803 0.0056 0.1652 0.6488
0.1603 0.0439 0.6824 0.1133

MOTIF filter14
letter-probability matrix: alength= 4 w= 7 nsites= 86320
0.3119 0.5080 0.0364 0.1437
0.2116 0.5265 0.0813 0.1806
0.2726 0.4345 0.0435 0.2495
0.3819 0.2699 0.1719 0.1763
0.3985 0.0812 0.1298 0.3906
0.0196 0.0858 0.8519 0.0427
0.4044 0.3243 0.0736 0.1977

MOTIF filter15
letter-probability matrix: alength= 4 w= 7 nsites= 133200
0.2263 0.1912 0.1966 0.3859
0.5504 0.3851 0.0057 0.0588
0.3057 0.5793 0.0026 0.1125
0.6063 0.2922 0.0017 0.0998
0.1453 0.5864 0.0866 0.1817
0.0012 0.1350 0.1743 0.6895
0.3094 0.1613 0.2903 0.2390

