MEME version 4

ALPHABET= ACGU

Background letter frequencies:
A 0.2869 C 0.1909 G 0.2001 U 0.3221

MOTIF filter0
letter-probability matrix: alength= 4 w= 7 nsites= 68863
0.2299 0.0103 0.0786 0.6813
0.0883 0.0543 0.4302 0.4273
0.0093 0.0010 0.1356 0.8541
0.0627 0.0258 0.1978 0.7136
0.1364 0.0413 0.1177 0.7046
0.0438 0.0354 0.0355 0.8853
0.0946 0.0021 0.3907 0.5126

MOTIF filter1
letter-probability matrix: alength= 4 w= 7 nsites= 514627
0.2586 0.1320 0.5010 0.1084
0.4461 0.1871 0.0000 0.3668
0.6382 0.1062 0.0000 0.2556
0.2823 0.3466 0.0000 0.3712
0.3781 0.2327 0.0000 0.3892
0.2841 0.1637 0.1322 0.4199
0.2648 0.2715 0.1529 0.3108

MOTIF filter2
letter-probability matrix: alength= 4 w= 7 nsites= 147446
0.2558 0.0630 0.1232 0.5580
0.1859 0.1476 0.0558 0.6106
0.0914 0.1745 0.0000 0.7341
0.2413 0.3736 0.0034 0.3816
0.9744 0.0170 0.0009 0.0077
0.4982 0.4036 0.0266 0.0715
0.4339 0.0454 0.1715 0.3493

MOTIF filter3
letter-probability matrix: alength= 4 w= 7 nsites= 44369
0.2054 0.3725 0.2127 0.2094
0.0010 0.7349 0.2396 0.0246
0.9633 0.0033 0.0191 0.0143
0.0062 0.0470 0.9115 0.0353
0.1867 0.4167 0.2951 0.1015
0.1760 0.5819 0.0506 0.1915
0.2679 0.1212 0.0160 0.5949

MOTIF filter4
letter-probability matrix: alength= 4 w= 7 nsites= 105334
0.6957 0.0006 0.0972 0.2065
0.4668 0.0258 0.0001 0.5073
0.2796 0.3517 0.1115 0.2572
0.2265 0.3318 0.2422 0.1995
0.0447 0.0425 0.2228 0.6900
0.1366 0.1970 0.1923 0.4741
0.2749 0.0191 0.1393 0.5667

MOTIF filter5
letter-probability matrix: alength= 4 w= 7 nsites= 44267
0.1077 0.0226 0.8453 0.0243
0.4636 0.3240 0.0705 0.1420
0.0198 0.7354 0.0677 0.1771
0.1478 0.0858 0.0968 0.6696
0.0665 0.6661 0.1599 0.1076
0.3328 0.0667 0.0169 0.5836
0.4510 0.2462 0.1376 0.1652

MOTIF filter6
letter-probability matrix: alength= 4 w= 7 nsites= 477237
0.3228 0.1458 0.2139 0.3175
0.2904 0.1631 0.2053 0.3412
0.4188 0.0069 0.0718 0.5025
0.0000 0.0000 1.0000 0.0000
0.4374 0.1414 0.1670 0.2542
0.3581 0.0743 0.2547 0.3129
0.3387 0.1072 0.2810 0.2730

MOTIF filter7
letter-probability matrix: alength= 4 w= 7 nsites= 139390
0.6196 0.2440 0.1221 0.0143
0.5815 0.0195 0.2551 0.1440
0.0075 0.0059 0.9859 0.0007
0.3938 0.2825 0.2047 0.1190
0.3235 0.2740 0.2201 0.1824
0.4245 0.2096 0.1824 0.1834
0.4166 0.1972 0.2366 0.1497

MOTIF filter8
letter-probability matrix: alength= 4 w= 7 nsites= 48686
0.2139 0.1739 0.2654 0.3469
0.0106 0.0052 0.8727 0.1115
0.1182 0.0880 0.7773 0.0165
0.1845 0.2529 0.4811 0.0815
0.1189 0.1802 0.5724 0.1285
0.1472 0.0610 0.7269 0.0650
0.2971 0.0866 0.4288 0.1875

MOTIF filter9
letter-probability matrix: alength= 4 w= 7 nsites= 66441
0.1970 0.0995 0.0146 0.6889
0.7793 0.1275 0.0552 0.0380
0.2326 0.2534 0.0288 0.4852
0.0391 0.8926 0.0000 0.0683
0.1243 0.5386 0.0050 0.3321
0.2017 0.2866 0.1716 0.3401
0.2975 0.1533 0.2622 0.2870

MOTIF filter10
letter-probability matrix: alength= 4 w= 7 nsites= 149629
0.2132 0.0048 0.0971 0.6849
0.1163 0.0650 0.0954 0.7232
0.1848 0.3346 0.2540 0.2266
0.3665 0.2274 0.0831 0.3230
0.2879 0.1477 0.0683 0.4961
0.3588 0.2558 0.2231 0.1623
0.5251 0.1011 0.1341 0.2397

MOTIF filter11
letter-probability matrix: alength= 4 w= 7 nsites= 62101
0.2385 0.3210 0.0448 0.3957
0.4290 0.0978 0.1083 0.3649
0.0071 0.0475 0.9069 0.0386
0.2436 0.1881 0.2608 0.3075
0.1534 0.0905 0.6128 0.1433
0.1783 0.3687 0.0116 0.4413
0.1844 0.1527 0.4000 0.2629

MOTIF filter12
letter-probability matrix: alength= 4 w= 7 nsites= 179238
0.3193 0.2747 0.1021 0.3039
0.3532 0.1221 0.0936 0.4311
0.0946 0.0866 0.7101 0.1087
0.2802 0.2565 0.1612 0.3021
0.3288 0.1473 0.2146 0.3093
0.1689 0.1176 0.5027 0.2109
0.2354 0.1988 0.2761 0.2896

MOTIF filter13
letter-probability matrix: alength= 4 w= 7 nsites= 72424
0.0674 0.0213 0.0556 0.8557
0.0732 0.7522 0.0296 0.1451
0.5232 0.1659 0.2648 0.0461
0.0905 0.0303 0.3623 0.5169
0.0709 0.2217 0.4907 0.2167
0.3564 0.1675 0.1958 0.2803
0.1268 0.3222 0.3106 0.2404

MOTIF filter14
letter-probability matrix: alength= 4 w= 7 nsites= 34054
0.0186 0.4069 0.4071 0.1674
0.0547 0.6415 0.1206 0.1831
0.0817 0.5417 0.0822 0.2944
0.1076 0.5485 0.1701 0.1738
0.0398 0.3765 0.0433 0.5404
0.0033 0.3432 0.6372 0.0163
0.3140 0.1624 0.0911 0.4325

MOTIF filter15
letter-probability matrix: alength= 4 w= 7 nsites= 115382
0.4156 0.0508 0.0661 0.4675
0.0000 0.0028 0.9963 0.0008
0.2923 0.3064 0.1252 0.2762
0.3374 0.1720 0.1127 0.3778
0.1348 0.1881 0.4367 0.2405
0.3427 0.0746 0.0201 0.5626
0.0717 0.0488 0.7468 0.1327

