MEME version 4

ALPHABET= ACGU

Background letter frequencies:
A 0.2700 C 0.2007 G 0.2095 U 0.3199

MOTIF filter0
letter-probability matrix: alength= 4 w= 7 nsites= 54833
0.1642 0.0174 0.7881 0.0304
0.5467 0.0999 0.2910 0.0625
0.6088 0.0878 0.2167 0.0867
0.2264 0.0192 0.3695 0.3849
0.2919 0.2213 0.0539 0.4329
0.1172 0.1142 0.2405 0.5281
0.2048 0.0722 0.6060 0.1170

MOTIF filter1
letter-probability matrix: alength= 4 w= 7 nsites= 83775
0.2073 0.0833 0.1241 0.5853
0.4324 0.0466 0.1676 0.3534
0.2311 0.1820 0.4731 0.1138
0.0951 0.0903 0.2826 0.5319
0.0060 0.1897 0.0169 0.7874
0.4376 0.0262 0.0103 0.5259
0.2254 0.2155 0.1114 0.4477

MOTIF filter2
letter-probability matrix: alength= 4 w= 7 nsites= 89157
0.0727 0.3981 0.0483 0.4809
0.4527 0.3600 0.0974 0.0899
0.3432 0.1817 0.2731 0.2020
0.5581 0.0557 0.0366 0.3496
0.1188 0.0012 0.8800 0.0000
0.2121 0.0886 0.5285 0.1708
0.2687 0.1027 0.1656 0.4631

MOTIF filter3
letter-probability matrix: alength= 4 w= 7 nsites= 112294
0.3500 0.1143 0.2600 0.2757
0.4437 0.0687 0.4846 0.0030
0.4454 0.1532 0.0375 0.3639
0.1807 0.1726 0.3194 0.3274
0.2667 0.0721 0.2209 0.4403
0.3308 0.1130 0.5494 0.0067
0.1762 0.0888 0.4198 0.3152

MOTIF filter4
letter-probability matrix: alength= 4 w= 7 nsites= 53351
0.4137 0.2184 0.1577 0.2101
0.0235 0.1083 0.0377 0.8305
0.2872 0.2357 0.3075 0.1695
0.3617 0.3903 0.0827 0.1652
0.8593 0.0325 0.0771 0.0310
0.1416 0.0072 0.0469 0.8043
0.2524 0.2091 0.4270 0.1115

MOTIF filter5
letter-probability matrix: alength= 4 w= 7 nsites= 137703
0.3807 0.1467 0.0869 0.3857
0.1519 0.1977 0.0498 0.6005
0.1055 0.0730 0.0803 0.7411
0.0182 0.1410 0.0054 0.8353
0.0298 0.1820 0.0658 0.7224
0.1986 0.0499 0.0698 0.6818
0.2729 0.2192 0.0716 0.4363

MOTIF filter6
letter-probability matrix: alength= 4 w= 7 nsites= 46519
0.1270 0.5731 0.0538 0.2461
0.3314 0.3845 0.1509 0.1332
0.1356 0.2229 0.2965 0.3451
0.2162 0.7064 0.0686 0.0088
0.4788 0.0737 0.0661 0.3815
0.0313 0.2654 0.6847 0.0186
0.1699 0.5817 0.0252 0.2233

MOTIF filter7
letter-probability matrix: alength= 4 w= 7 nsites= 73885
0.1068 0.1321 0.1680 0.5931
0.2098 0.4059 0.1076 0.2767
0.1050 0.1782 0.1408 0.5759
0.0602 0.0243 0.2857 0.6298
0.0628 0.0059 0.0117 0.9197
0.2208 0.0037 0.0369 0.7386
0.4386 0.2034 0.0407 0.3173

MOTIF filter8
letter-probability matrix: alength= 4 w= 7 nsites= 97130
0.1613 0.0507 0.0430 0.7450
0.1176 0.1260 0.0115 0.7449
0.0224 0.2262 0.2248 0.5266
0.2074 0.0749 0.2356 0.4822
0.3621 0.1357 0.0433 0.4589
0.1962 0.0905 0.4330 0.2803
0.3246 0.2094 0.1262 0.3397

MOTIF filter9
letter-probability matrix: alength= 4 w= 7 nsites= 53306
0.1485 0.0048 0.2819 0.5647
0.1766 0.6523 0.0506 0.1204
0.2040 0.2327 0.0829 0.4804
0.1895 0.1716 0.4287 0.2102
0.0472 0.2032 0.0360 0.7136
0.1874 0.0150 0.2992 0.4983
0.0641 0.1598 0.1728 0.6033

MOTIF filter10
letter-probability matrix: alength= 4 w= 7 nsites= 114278
0.3280 0.0063 0.0729 0.5928
0.0261 0.4359 0.0120 0.5260
0.3087 0.2355 0.0632 0.3926
0.2583 0.1356 0.0422 0.5638
0.1791 0.2257 0.0021 0.5931
0.0244 0.1950 0.0929 0.6876
0.0614 0.2367 0.0457 0.6562

MOTIF filter11
letter-probability matrix: alength= 4 w= 7 nsites= 83626
0.4423 0.0067 0.0006 0.5503
0.5172 0.1709 0.0134 0.2986
0.7748 0.0797 0.0418 0.1036
0.3044 0.2428 0.0710 0.3818
0.2388 0.0447 0.2629 0.4537
0.2443 0.3322 0.1340 0.2895
0.3187 0.0863 0.1695 0.4255

MOTIF filter12
letter-probability matrix: alength= 4 w= 7 nsites= 32719
0.0662 0.0288 0.8946 0.0104
0.1148 0.4458 0.0958 0.3436
0.0428 0.7450 0.0506 0.1615
0.0569 0.2070 0.0055 0.7306
0.0318 0.1427 0.0469 0.7786
0.3122 0.2127 0.2344 0.2407
0.1502 0.3914 0.1159 0.3425

MOTIF filter13
letter-probability matrix: alength= 4 w= 7 nsites= 85244
0.0914 0.0436 0.0496 0.8154
0.0231 0.0333 0.0040 0.9396
0.0135 0.0140 0.0002 0.9723
0.1638 0.1010 0.0018 0.7334
0.4095 0.2528 0.0558 0.2819
0.4876 0.1223 0.0813 0.3089
0.2279 0.1182 0.3911 0.2629

MOTIF filter14
letter-probability matrix: alength= 4 w= 7 nsites= 70225
0.2789 0.0609 0.3547 0.3055
0.0110 0.4016 0.5597 0.0277
0.6864 0.0749 0.0419 0.1968
0.0104 0.1288 0.6743 0.1865
0.3678 0.2132 0.2133 0.2057
0.2022 0.2562 0.2663 0.2754
0.5578 0.0146 0.0513 0.3762

MOTIF filter15
letter-probability matrix: alength= 4 w= 7 nsites= 43230
0.0317 0.2944 0.4521 0.2218
0.0185 0.2796 0.6494 0.0525
0.0850 0.0984 0.4975 0.3191
0.2739 0.2633 0.2532 0.2096
0.5970 0.2382 0.0218 0.1429
0.1864 0.2959 0.3695 0.1482
0.0223 0.1796 0.3976 0.4006

