MEME version 4

ALPHABET= ACGU

Background letter frequencies:
A 0.2685 C 0.2007 G 0.2106 U 0.3202

MOTIF filter0
letter-probability matrix: alength= 4 w= 7 nsites= 11132
0.2788 0.0471 0.3808 0.2933
0.2270 0.1166 0.3507 0.3058
0.3763 0.1433 0.1967 0.2837
0.5728 0.1384 0.1844 0.1044
0.6067 0.0752 0.0614 0.2567
0.5035 0.0373 0.2043 0.2549
0.2921 0.0602 0.3756 0.2721

MOTIF filter1
letter-probability matrix: alength= 4 w= 7 nsites= 14575
0.4617 0.3054 0.1507 0.0822
0.3502 0.3741 0.1510 0.1248
0.5120 0.3471 0.0697 0.0713
0.3847 0.2214 0.2856 0.1083
0.4404 0.1052 0.3873 0.0671
0.2433 0.1637 0.3772 0.2159
0.3135 0.1383 0.3168 0.2314

MOTIF filter2
letter-probability matrix: alength= 4 w= 7 nsites= 13045
0.2543 0.3020 0.1507 0.2929
0.1733 0.3214 0.1762 0.3291
0.1710 0.3531 0.2626 0.2133
0.1753 0.3413 0.3750 0.1085
0.2921 0.3109 0.3550 0.0420
0.4675 0.2255 0.1861 0.1209
0.4176 0.2211 0.2117 0.1496

MOTIF filter3
letter-probability matrix: alength= 4 w= 7 nsites= 18591
0.3862 0.0960 0.3757 0.1420
0.4517 0.1992 0.1666 0.1824
0.5183 0.1982 0.0460 0.2375
0.3601 0.1390 0.1974 0.3035
0.2747 0.0483 0.2259 0.4510
0.1577 0.0654 0.2404 0.5364
0.2864 0.0526 0.0703 0.5908

MOTIF filter4
letter-probability matrix: alength= 4 w= 7 nsites= 15754
0.2409 0.0389 0.4460 0.2742
0.3771 0.1109 0.3577 0.1543
0.4617 0.2549 0.1263 0.1571
0.3818 0.2783 0.1017 0.2382
0.2227 0.2906 0.0888 0.3978
0.1748 0.3033 0.1047 0.4171
0.1954 0.3406 0.1242 0.3398

MOTIF filter5
letter-probability matrix: alength= 4 w= 7 nsites= 19957
0.3231 0.1258 0.2879 0.2632
0.2392 0.2550 0.3304 0.1754
0.1650 0.2539 0.1903 0.3909
0.0450 0.3009 0.3812 0.2729
0.0504 0.2081 0.2980 0.4435
0.1425 0.3172 0.2703 0.2699
0.3115 0.2441 0.1462 0.2982

MOTIF filter6
letter-probability matrix: alength= 4 w= 7 nsites= 16187
0.1869 0.1894 0.4141 0.2097
0.2119 0.2411 0.3174 0.2296
0.1787 0.4292 0.2241 0.1679
0.2826 0.3641 0.1783 0.1750
0.2389 0.2934 0.2957 0.1720
0.3538 0.1171 0.3713 0.1578
0.1771 0.0600 0.4157 0.3472

MOTIF filter7
letter-probability matrix: alength= 4 w= 7 nsites= 15039
0.2152 0.1286 0.3017 0.3545
0.0453 0.1151 0.3667 0.4729
0.1633 0.0437 0.3348 0.4582
0.2466 0.1621 0.1787 0.4126
0.3400 0.2474 0.1919 0.2208
0.2996 0.2931 0.1802 0.2271
0.2662 0.3338 0.1492 0.2507

MOTIF filter8
letter-probability matrix: alength= 4 w= 7 nsites= 19256
0.1701 0.1990 0.1695 0.4613
0.0577 0.1297 0.1534 0.6592
0.1044 0.1013 0.0404 0.7539
0.1342 0.1065 0.0226 0.7367
0.1835 0.0821 0.0222 0.7122
0.2195 0.0821 0.0341 0.6643
0.2192 0.1131 0.0899 0.5778

MOTIF filter9
letter-probability matrix: alength= 4 w= 7 nsites= 26335
0.1091 0.0620 0.1131 0.7158
0.2268 0.0252 0.0319 0.7161
0.2021 0.1111 0.0111 0.6758
0.2142 0.1841 0.0269 0.5748
0.1315 0.1989 0.0866 0.5830
0.1220 0.1624 0.1122 0.6035
0.1183 0.1210 0.1104 0.6503

MOTIF filter10
letter-probability matrix: alength= 4 w= 7 nsites= 25829
0.2981 0.2190 0.1652 0.3177
0.3705 0.2335 0.0813 0.3147
0.3230 0.1794 0.0496 0.4479
0.2845 0.1265 0.0041 0.5849
0.0994 0.1260 0.0434 0.7312
0.1820 0.0860 0.1845 0.5475
0.3065 0.2179 0.2040 0.2716

MOTIF filter11
letter-probability matrix: alength= 4 w= 7 nsites= 16506
0.2603 0.1857 0.2833 0.2707
0.3558 0.1245 0.2965 0.2231
0.2904 0.0569 0.5173 0.1355
0.2621 0.1289 0.3930 0.2160
0.0784 0.1302 0.2792 0.5122
0.0823 0.1737 0.0113 0.7328
0.2016 0.1107 0.0335 0.6542

MOTIF filter12
letter-probability matrix: alength= 4 w= 7 nsites= 14016
0.3725 0.1757 0.1388 0.3131
0.4627 0.1725 0.1096 0.2553
0.2901 0.2245 0.0817 0.4037
0.4671 0.0954 0.0430 0.3944
0.2111 0.1208 0.2513 0.4168
0.3031 0.0833 0.2908 0.3228
0.1767 0.1418 0.3580 0.3235

MOTIF filter13
letter-probability matrix: alength= 4 w= 7 nsites= 15780
0.2911 0.0888 0.1861 0.4339
0.4098 0.0853 0.2286 0.2763
0.3337 0.0594 0.4558 0.1510
0.2901 0.0843 0.5373 0.0884
0.2053 0.1402 0.4982 0.1562
0.2221 0.1608 0.3544 0.2627
0.2063 0.1081 0.3096 0.3760

MOTIF filter14
letter-probability matrix: alength= 4 w= 7 nsites= 12342
0.0688 0.6010 0.1018 0.2283
0.1708 0.3697 0.2347 0.2248
0.1958 0.2219 0.4455 0.1368
0.2973 0.1627 0.3880 0.1520
0.1777 0.1758 0.3604 0.2861
0.2141 0.2163 0.2242 0.3455
0.1208 0.3894 0.2486 0.2412

MOTIF filter15
letter-probability matrix: alength= 4 w= 7 nsites= 17736
0.2852 0.3939 0.0667 0.2542
0.2634 0.3014 0.0591 0.3761
0.2420 0.3325 0.1658 0.2597
0.1351 0.3608 0.1282 0.3759
0.1284 0.3975 0.1747 0.2994
0.0950 0.2908 0.1101 0.5041
0.0961 0.1423 0.1101 0.6515

