MEME version 4

ALPHABET= ACGU

Background letter frequencies:
A 0.2693 C 0.2008 G 0.2108 U 0.3192

MOTIF filter0
letter-probability matrix: alength= 4 w= 7 nsites= 117353
0.3700 0.1994 0.1245 0.3060
0.2060 0.2893 0.2527 0.2520
0.1076 0.0504 0.0094 0.8326
0.0074 0.3134 0.6461 0.0332
0.3221 0.4011 0.2602 0.0166
0.6806 0.0088 0.0047 0.3059
0.1843 0.2254 0.5259 0.0645

MOTIF filter1
letter-probability matrix: alength= 4 w= 7 nsites= 49190
0.2813 0.4578 0.0825 0.1784
0.2243 0.0798 0.0620 0.6339
0.4223 0.0704 0.4931 0.0142
0.4136 0.3958 0.1044 0.0861
0.2741 0.6886 0.0248 0.0126
0.1855 0.0554 0.1590 0.6002
0.2293 0.3324 0.4027 0.0356

MOTIF filter2
letter-probability matrix: alength= 4 w= 7 nsites= 63199
0.0531 0.1532 0.1481 0.6456
0.1270 0.0621 0.0711 0.7398
0.0198 0.2298 0.0000 0.7503
0.6349 0.0425 0.0427 0.2799
0.6305 0.0819 0.0643 0.2232
0.0849 0.2057 0.3671 0.3424
0.2730 0.1790 0.2251 0.3229

MOTIF filter3
letter-probability matrix: alength= 4 w= 7 nsites= 47548
0.8958 0.0055 0.0246 0.0741
0.0123 0.1677 0.8130 0.0069
0.3081 0.1699 0.1333 0.3886
0.1069 0.3454 0.1319 0.4158
0.2579 0.0936 0.1463 0.5021
0.2892 0.1380 0.4628 0.1100
0.2885 0.1414 0.3017 0.2684

MOTIF filter4
letter-probability matrix: alength= 4 w= 7 nsites= 48586
0.0128 0.0220 0.5527 0.4125
0.1034 0.7710 0.0226 0.1030
0.2162 0.2797 0.0650 0.4391
0.3862 0.1882 0.2534 0.1722
0.0963 0.4986 0.0966 0.3085
0.0895 0.4954 0.3980 0.0170
0.5537 0.2501 0.1386 0.0576

MOTIF filter5
letter-probability matrix: alength= 4 w= 7 nsites= 46311
0.0547 0.2002 0.4064 0.3388
0.1038 0.1300 0.2338 0.5324
0.1792 0.0581 0.1545 0.6082
0.0007 0.6274 0.3192 0.0527
0.2204 0.1862 0.0204 0.5730
0.0048 0.1027 0.8253 0.0672
0.1589 0.2236 0.3298 0.2878

MOTIF filter6
letter-probability matrix: alength= 4 w= 7 nsites= 54265
0.5089 0.1273 0.2766 0.0872
0.2261 0.0452 0.1231 0.6056
0.1559 0.3966 0.1800 0.2675
0.4418 0.2430 0.1614 0.1538
0.6924 0.1872 0.1062 0.0142
0.0718 0.0337 0.1155 0.7790
0.2352 0.0543 0.7101 0.0005

MOTIF filter7
letter-probability matrix: alength= 4 w= 7 nsites= 48468
0.6131 0.0704 0.1830 0.1336
0.0484 0.1519 0.6804 0.1194
0.0897 0.1152 0.2766 0.5185
0.0048 0.1228 0.0262 0.8462
0.4594 0.1816 0.0388 0.3201
0.5964 0.1185 0.1561 0.1289
0.3835 0.0849 0.4586 0.0730

MOTIF filter8
letter-probability matrix: alength= 4 w= 7 nsites= 23265
0.5482 0.0444 0.2582 0.1493
0.2438 0.4408 0.0472 0.2682
0.1804 0.1001 0.3404 0.3791
0.0712 0.1768 0.2363 0.5157
0.1159 0.0138 0.0206 0.8498
0.0404 0.0934 0.0247 0.8415
0.0520 0.3596 0.0299 0.5586

MOTIF filter9
letter-probability matrix: alength= 4 w= 7 nsites= 55558
0.6364 0.0303 0.3301 0.0032
0.0661 0.0442 0.8838 0.0059
0.3861 0.3326 0.1535 0.1278
0.6331 0.0556 0.2818 0.0296
0.4862 0.0549 0.2670 0.1919
0.1393 0.2465 0.1670 0.4472
0.4956 0.2885 0.0792 0.1367

MOTIF filter10
letter-probability matrix: alength= 4 w= 7 nsites= 44979
0.3323 0.1911 0.1092 0.3674
0.1318 0.2287 0.1671 0.4724
0.1129 0.0263 0.3725 0.4883
0.6395 0.0726 0.0597 0.2282
0.0842 0.6930 0.0647 0.1582
0.4988 0.0017 0.4706 0.0289
0.4703 0.1136 0.2360 0.1801

MOTIF filter11
letter-probability matrix: alength= 4 w= 7 nsites= 82959
0.1519 0.3534 0.1654 0.3293
0.1909 0.1880 0.0127 0.6084
0.2073 0.0996 0.0001 0.6930
0.0001 0.2430 0.0031 0.7538
0.7285 0.0034 0.0000 0.2680
0.0520 0.1698 0.0202 0.7579
0.3159 0.1870 0.2168 0.2804

MOTIF filter12
letter-probability matrix: alength= 4 w= 7 nsites= 118039
0.0261 0.1592 0.0487 0.7660
0.1857 0.0390 0.0781 0.6972
0.0323 0.0009 0.0068 0.9600
0.0000 0.1101 0.0299 0.8600
0.3420 0.0000 0.1287 0.5293
0.2986 0.2180 0.0239 0.4596
0.2253 0.1611 0.1414 0.4722

MOTIF filter13
letter-probability matrix: alength= 4 w= 7 nsites= 71755
0.4853 0.2116 0.0381 0.2649
0.2542 0.2588 0.1971 0.2899
0.0441 0.0663 0.0088 0.8807
0.1446 0.0108 0.0132 0.8314
0.4888 0.1059 0.0524 0.3529
0.1895 0.3596 0.0068 0.4440
0.3680 0.0993 0.0819 0.4508

MOTIF filter14
letter-probability matrix: alength= 4 w= 7 nsites= 34318
0.2322 0.4380 0.2844 0.0454
0.2500 0.2264 0.5184 0.0052
0.3877 0.1186 0.1935 0.3003
0.1809 0.0366 0.5921 0.1904
0.5805 0.0453 0.3686 0.0056
0.5232 0.1064 0.2147 0.1556
0.2071 0.1222 0.5631 0.1076

MOTIF filter15
letter-probability matrix: alength= 4 w= 7 nsites= 80565
0.4922 0.0348 0.2643 0.2087
0.1406 0.0132 0.7948 0.0514
0.0113 0.5215 0.0000 0.4671
0.2723 0.4206 0.2927 0.0143
0.3256 0.1457 0.2186 0.3101
0.1902 0.1615 0.2677 0.3806
0.1266 0.1319 0.3402 0.4013

