MEME version 4

ALPHABET= ACGU

Background letter frequencies:
A 0.2595 C 0.2265 G 0.2555 U 0.2585

MOTIF filter0
letter-probability matrix: alength= 4 w= 7 nsites= 51706
0.7276 0.0007 0.0165 0.2552
0.4059 0.0161 0.1457 0.4323
0.3347 0.1892 0.0591 0.4171
0.1630 0.1947 0.0673 0.5750
0.3703 0.1062 0.0460 0.4774
0.2792 0.0526 0.1744 0.4938
0.3787 0.1529 0.1050 0.3635

MOTIF filter1
letter-probability matrix: alength= 4 w= 7 nsites= 86430
0.2418 0.1433 0.4400 0.1750
0.0718 0.2685 0.6127 0.0470
0.1002 0.0777 0.7665 0.0555
0.0000 0.8428 0.0283 0.1289
0.3438 0.2764 0.0950 0.2848
0.0426 0.2348 0.5118 0.2108
0.3176 0.0907 0.2900 0.3017

MOTIF filter2
letter-probability matrix: alength= 4 w= 7 nsites= 31538
0.0931 0.1511 0.3946 0.3613
0.1013 0.0483 0.3317 0.5186
0.2572 0.4802 0.0452 0.2174
0.6929 0.0936 0.2020 0.0114
0.1152 0.0204 0.7706 0.0937
0.6547 0.0066 0.0033 0.3354
0.3222 0.0859 0.4118 0.1800

MOTIF filter3
letter-probability matrix: alength= 4 w= 7 nsites= 64862
0.1029 0.1095 0.7827 0.0049
0.1597 0.0526 0.7869 0.0007
0.8039 0.0416 0.0014 0.1531
0.2328 0.3099 0.3637 0.0936
0.5428 0.1236 0.2624 0.0712
0.3634 0.0907 0.4477 0.0982
0.2535 0.3408 0.3310 0.0746

MOTIF filter4
letter-probability matrix: alength= 4 w= 7 nsites= 117659
0.1975 0.3481 0.0100 0.4444
0.2360 0.2655 0.0105 0.4881
0.4238 0.1942 0.0311 0.3509
0.6624 0.1566 0.0575 0.1235
0.2153 0.3108 0.2035 0.2704
0.2006 0.1622 0.2100 0.4273
0.0574 0.4491 0.0767 0.4168

MOTIF filter5
letter-probability matrix: alength= 4 w= 7 nsites= 41506
0.0055 0.0026 0.9664 0.0254
0.2149 0.0828 0.6255 0.0768
0.0259 0.1821 0.5702 0.2218
0.1046 0.1631 0.1890 0.5433
0.1158 0.2081 0.5251 0.1510
0.3918 0.2654 0.2606 0.0821
0.3202 0.2799 0.2697 0.1302

MOTIF filter6
letter-probability matrix: alength= 4 w= 7 nsites= 66920
0.0548 0.4153 0.1102 0.4197
0.0169 0.6632 0.2054 0.1145
0.3564 0.5651 0.0327 0.0458
0.2630 0.4888 0.2175 0.0308
0.1859 0.1373 0.2988 0.3779
0.2029 0.2070 0.2398 0.3502
0.3233 0.2238 0.2361 0.2168

MOTIF filter7
letter-probability matrix: alength= 4 w= 7 nsites= 38190
0.2797 0.2970 0.3550 0.0684
0.6368 0.1800 0.0576 0.1256
0.2044 0.0102 0.6851 0.1003
0.0406 0.1331 0.7710 0.0553
0.6392 0.3421 0.0165 0.0021
0.3259 0.2546 0.0926 0.3269
0.0155 0.0569 0.7860 0.1415

MOTIF filter8
letter-probability matrix: alength= 4 w= 7 nsites= 300154
0.2836 0.1829 0.3122 0.2213
0.2866 0.2175 0.2633 0.2327
0.2541 0.2175 0.2554 0.2731
0.2654 0.2209 0.2543 0.2593
0.2296 0.2467 0.2491 0.2746
0.2951 0.2060 0.2527 0.2462
0.2830 0.2292 0.2422 0.2456

MOTIF filter9
letter-probability matrix: alength= 4 w= 7 nsites= 63469
0.0763 0.0602 0.1486 0.7149
0.3055 0.2242 0.3732 0.0971
0.1495 0.3145 0.2493 0.2867
0.2791 0.1930 0.0972 0.4308
0.1294 0.2737 0.1363 0.4606
0.1097 0.1995 0.1247 0.5660
0.3631 0.2688 0.3073 0.0609

MOTIF filter10
letter-probability matrix: alength= 4 w= 7 nsites= 85881
0.2946 0.2074 0.2508 0.2472
0.0235 0.8873 0.0000 0.0892
0.0991 0.3007 0.1403 0.4599
0.1626 0.1852 0.3305 0.3217
0.3261 0.0922 0.1902 0.3915
0.6402 0.0508 0.0785 0.2306
0.1597 0.2420 0.1011 0.4972

MOTIF filter11
letter-probability matrix: alength= 4 w= 7 nsites= 43181
0.2800 0.3367 0.0692 0.3140
0.0997 0.2920 0.0000 0.6083
0.8175 0.0408 0.1401 0.0016
0.1350 0.4126 0.0023 0.4501
0.4449 0.3510 0.1289 0.0752
0.8592 0.0318 0.0398 0.0691
0.3385 0.2758 0.2818 0.1040

MOTIF filter12
letter-probability matrix: alength= 4 w= 7 nsites= 29322
0.1020 0.3261 0.1395 0.4325
0.1353 0.3000 0.0720 0.4927
0.0412 0.1054 0.5662 0.2873
0.6490 0.0570 0.2108 0.0832
0.3731 0.3845 0.0056 0.2368
0.0654 0.0011 0.9262 0.0073
0.0720 0.1148 0.7801 0.0330

MOTIF filter13
letter-probability matrix: alength= 4 w= 7 nsites= 86388
0.3352 0.1809 0.0703 0.4136
0.0699 0.3640 0.3621 0.2040
0.3175 0.2764 0.0373 0.3688
0.4994 0.0030 0.3903 0.1073
0.0162 0.0185 0.8157 0.1496
0.6851 0.3020 0.0129 0.0000
0.2008 0.3265 0.1813 0.2915

MOTIF filter14
letter-probability matrix: alength= 4 w= 7 nsites= 70404
0.1101 0.2407 0.2397 0.4095
0.2837 0.1951 0.0807 0.4405
0.3541 0.0823 0.2155 0.3482
0.0000 0.0176 0.0000 0.9823
0.9813 0.0187 0.0000 0.0000
0.2163 0.2076 0.3224 0.2537
0.2825 0.1249 0.2041 0.3885

MOTIF filter15
letter-probability matrix: alength= 4 w= 7 nsites= 24370
0.1640 0.1556 0.5196 0.1608
0.2688 0.0370 0.0697 0.6245
0.0211 0.3828 0.2941 0.3019
0.2067 0.0142 0.6550 0.1241
0.7307 0.1468 0.0535 0.0689
0.0901 0.6081 0.2092 0.0925
0.4176 0.2564 0.1397 0.1863

