MEME version 4

ALPHABET= ACGU

Background letter frequencies:
A 0.2616 C 0.2264 G 0.2535 U 0.2586

MOTIF filter0
letter-probability matrix: alength= 4 w= 7 nsites= 13177
0.2339 0.2170 0.1428 0.4063
0.2746 0.2021 0.1925 0.3308
0.2667 0.1967 0.1604 0.3761
0.4287 0.1763 0.1303 0.2647
0.3552 0.2365 0.0635 0.3448
0.5488 0.1092 0.1114 0.2305
0.3175 0.1234 0.2613 0.2979

MOTIF filter1
letter-probability matrix: alength= 4 w= 7 nsites= 18125
0.0362 0.4252 0.4156 0.1230
0.0107 0.4546 0.2533 0.2814
0.2023 0.2842 0.2483 0.2652
0.2039 0.2073 0.3459 0.2429
0.2719 0.1165 0.5144 0.0971
0.1190 0.1674 0.4941 0.2196
0.1880 0.1398 0.4225 0.2498

MOTIF filter2
letter-probability matrix: alength= 4 w= 7 nsites= 14863
0.1076 0.1028 0.5940 0.1955
0.1367 0.1016 0.5820 0.1797
0.0759 0.0678 0.6307 0.2257
0.0833 0.0671 0.5286 0.3211
0.1023 0.1069 0.4851 0.3057
0.1562 0.1491 0.5192 0.1755
0.2302 0.2781 0.4137 0.0780

MOTIF filter3
letter-probability matrix: alength= 4 w= 7 nsites= 13024
0.2605 0.2171 0.4424 0.0800
0.4199 0.2540 0.2459 0.0801
0.4910 0.2422 0.1764 0.0903
0.5471 0.1127 0.2241 0.1161
0.4549 0.1051 0.2567 0.1834
0.3605 0.1043 0.3228 0.2124
0.2822 0.1561 0.3885 0.1732

MOTIF filter4
letter-probability matrix: alength= 4 w= 7 nsites= 19516
0.2957 0.0747 0.1956 0.4340
0.4206 0.1016 0.1448 0.3330
0.3239 0.0678 0.1122 0.4961
0.1752 0.0581 0.2040 0.5627
0.2000 0.0296 0.1822 0.5883
0.2994 0.0447 0.2429 0.4130
0.3695 0.1209 0.0946 0.4151

MOTIF filter5
letter-probability matrix: alength= 4 w= 7 nsites= 23312
0.1898 0.1656 0.4791 0.1654
0.2179 0.1715 0.3667 0.2439
0.2667 0.2157 0.3154 0.2021
0.3212 0.1703 0.3432 0.1653
0.3430 0.1597 0.3923 0.1051
0.2510 0.0407 0.5892 0.1192
0.2043 0.0618 0.6427 0.0912

MOTIF filter6
letter-probability matrix: alength= 4 w= 7 nsites= 12458
0.3825 0.0488 0.4627 0.1060
0.1379 0.2600 0.4466 0.1555
0.1381 0.3232 0.2124 0.3263
0.0801 0.3567 0.3000 0.2632
0.1028 0.1589 0.4767 0.2616
0.0957 0.1952 0.6030 0.1062
0.1404 0.2683 0.4837 0.1075

MOTIF filter7
letter-probability matrix: alength= 4 w= 7 nsites= 22673
0.1477 0.2217 0.2931 0.3375
0.1587 0.1923 0.2910 0.3581
0.1752 0.2091 0.1083 0.5075
0.1353 0.3349 0.0335 0.4963
0.0534 0.3867 0.0124 0.5475
0.0097 0.4363 0.1043 0.4497
0.0257 0.3325 0.1793 0.4625

MOTIF filter8
letter-probability matrix: alength= 4 w= 7 nsites= 28025
0.3823 0.1216 0.1885 0.3076
0.3706 0.0806 0.2334 0.3154
0.2170 0.1827 0.1985 0.4019
0.4086 0.1512 0.1098 0.3303
0.4846 0.1380 0.0675 0.3100
0.5674 0.0530 0.1435 0.2361
0.2716 0.1468 0.1843 0.3973

MOTIF filter9
letter-probability matrix: alength= 4 w= 7 nsites= 15430
0.2395 0.2562 0.3808 0.1235
0.2830 0.2038 0.4518 0.0614
0.4256 0.0816 0.4222 0.0706
0.4596 0.0621 0.3796 0.0987
0.5433 0.1993 0.1448 0.1125
0.3151 0.2600 0.3140 0.1109
0.3087 0.2780 0.3432 0.0702

MOTIF filter10
letter-probability matrix: alength= 4 w= 7 nsites= 15969
0.0866 0.2830 0.2187 0.4116
0.1143 0.2567 0.1926 0.4364
0.1589 0.1573 0.2277 0.4561
0.2192 0.1086 0.4029 0.2693
0.1826 0.0693 0.5990 0.1491
0.3733 0.0527 0.5363 0.0378
0.4139 0.1232 0.3919 0.0709

MOTIF filter11
letter-probability matrix: alength= 4 w= 7 nsites= 15767
0.3463 0.1082 0.3557 0.1898
0.2391 0.1256 0.3992 0.2361
0.1728 0.1217 0.4809 0.2245
0.1113 0.2561 0.3671 0.2656
0.0638 0.2443 0.3278 0.3641
0.0641 0.2608 0.2374 0.4377
0.0529 0.1365 0.2808 0.5297

MOTIF filter12
letter-probability matrix: alength= 4 w= 7 nsites= 15850
0.2355 0.2574 0.1592 0.3479
0.1207 0.1806 0.2509 0.4479
0.0629 0.2095 0.1311 0.5964
0.0729 0.2447 0.1621 0.5202
0.1978 0.2638 0.0628 0.4756
0.3127 0.3157 0.0811 0.2905
0.4222 0.2105 0.0623 0.3051

MOTIF filter13
letter-probability matrix: alength= 4 w= 7 nsites= 13707
0.2866 0.3264 0.1990 0.1881
0.2538 0.3754 0.1766 0.1942
0.2126 0.2939 0.3534 0.1400
0.1467 0.1814 0.5655 0.1064
0.1477 0.0824 0.5404 0.2295
0.1387 0.1015 0.5305 0.2294
0.1613 0.1488 0.4081 0.2819

MOTIF filter14
letter-probability matrix: alength= 4 w= 7 nsites= 16135
0.1737 0.1969 0.4585 0.1710
0.3025 0.1786 0.3844 0.1345
0.3430 0.1618 0.3834 0.1118
0.4120 0.0781 0.4772 0.0327
0.3689 0.1190 0.4407 0.0714
0.3555 0.0777 0.4462 0.1206
0.1872 0.1824 0.3189 0.3115

MOTIF filter15
letter-probability matrix: alength= 4 w= 7 nsites= 13509
0.4296 0.0747 0.2857 0.2100
0.2967 0.1974 0.2642 0.2417
0.1782 0.2769 0.2293 0.3155
0.1640 0.4547 0.0528 0.3284
0.2975 0.3701 0.0303 0.3021
0.3902 0.3107 0.0137 0.2854
0.6269 0.1329 0.0292 0.2110

