MEME version 4

ALPHABET= ACGU

Background letter frequencies:
A 0.2593 C 0.2278 G 0.2559 U 0.2570

MOTIF filter0
letter-probability matrix: alength= 4 w= 7 nsites= 82086
0.1120 0.7556 0.1179 0.0145
0.0783 0.6046 0.0027 0.3144
0.3883 0.3794 0.0688 0.1635
0.4403 0.0991 0.4316 0.0290
0.2964 0.1775 0.2867 0.2394
0.1062 0.4237 0.3811 0.0890
0.0198 0.3270 0.0051 0.6482

MOTIF filter1
letter-probability matrix: alength= 4 w= 7 nsites= 62134
0.6353 0.1524 0.0540 0.1583
0.2403 0.1817 0.5518 0.0263
0.0387 0.4621 0.0240 0.4752
0.3410 0.1046 0.1761 0.3783
0.1933 0.7265 0.0004 0.0798
0.5182 0.4426 0.0173 0.0220
0.5600 0.2085 0.0545 0.1769

MOTIF filter2
letter-probability matrix: alength= 4 w= 7 nsites= 99387
0.2522 0.1841 0.0290 0.5347
0.0309 0.2075 0.0517 0.7098
0.1573 0.1344 0.0336 0.6747
0.1477 0.0869 0.1332 0.6322
0.2608 0.0454 0.0278 0.6660
0.2363 0.0421 0.0121 0.7095
0.4093 0.1901 0.0322 0.3684

MOTIF filter3
letter-probability matrix: alength= 4 w= 7 nsites= 46671
0.1390 0.4739 0.2105 0.1766
0.0677 0.4004 0.0357 0.4962
0.2372 0.2180 0.1880 0.3567
0.1366 0.0981 0.6631 0.1022
0.1456 0.0727 0.0725 0.7092
0.3369 0.4117 0.0734 0.1780
0.3055 0.0270 0.3072 0.3603

MOTIF filter4
letter-probability matrix: alength= 4 w= 7 nsites= 62055
0.2984 0.0862 0.1222 0.4932
0.0041 0.5831 0.2272 0.1856
0.2490 0.0193 0.4080 0.3236
0.0049 0.2327 0.1872 0.5752
0.1988 0.1294 0.4857 0.1861
0.2354 0.0490 0.5745 0.1411
0.2343 0.0341 0.5132 0.2184

MOTIF filter5
letter-probability matrix: alength= 4 w= 7 nsites= 54434
0.8338 0.0055 0.1185 0.0421
0.6197 0.0937 0.1913 0.0954
0.4411 0.3555 0.1378 0.0656
0.3670 0.3780 0.1774 0.0776
0.1992 0.1427 0.2963 0.3617
0.0458 0.3048 0.5016 0.1477
0.1799 0.2176 0.2825 0.3200

MOTIF filter6
letter-probability matrix: alength= 4 w= 7 nsites= 68690
0.0596 0.8998 0.0003 0.0404
0.4902 0.3201 0.1299 0.0598
0.3360 0.0556 0.4341 0.1743
0.1422 0.1011 0.3289 0.4277
0.1520 0.0590 0.4274 0.3617
0.2752 0.4399 0.1344 0.1504
0.3015 0.0651 0.0796 0.5539

MOTIF filter7
letter-probability matrix: alength= 4 w= 7 nsites= 51848
0.3271 0.4448 0.0180 0.2100
0.1052 0.2655 0.1971 0.4322
0.1108 0.2721 0.1753 0.4417
0.1691 0.4964 0.2067 0.1277
0.1990 0.2901 0.2714 0.2395
0.0220 0.0869 0.8084 0.0827
0.5627 0.4242 0.0003 0.0128

MOTIF filter8
letter-probability matrix: alength= 4 w= 7 nsites= 64068
0.0211 0.6522 0.2704 0.0563
0.0549 0.4026 0.1232 0.4193
0.0329 0.4845 0.3470 0.1357
0.5808 0.1290 0.2500 0.0403
0.0776 0.0990 0.6065 0.2169
0.3879 0.0764 0.4918 0.0439
0.0192 0.1795 0.7216 0.0798

MOTIF filter9
letter-probability matrix: alength= 4 w= 7 nsites= 239902
0.3760 0.1264 0.2151 0.2824
0.3523 0.1793 0.2050 0.2634
0.2926 0.1960 0.2104 0.3011
0.2894 0.2494 0.2398 0.2214
0.0000 0.5136 0.0000 0.4864
0.9997 0.0000 0.0003 0.0000
0.3057 0.1182 0.3276 0.2485

MOTIF filter10
letter-probability matrix: alength= 4 w= 7 nsites= 51926
0.8416 0.0271 0.0686 0.0627
0.3856 0.0975 0.3800 0.1370
0.6105 0.0747 0.2319 0.0830
0.3872 0.1764 0.1179 0.3186
0.1432 0.4155 0.0734 0.3680
0.1855 0.3781 0.1317 0.3047
0.2704 0.1561 0.1886 0.3850

MOTIF filter11
letter-probability matrix: alength= 4 w= 7 nsites= 49249
0.5211 0.1608 0.1481 0.1700
0.0477 0.0047 0.7572 0.1904
0.5743 0.0095 0.1334 0.2829
0.0155 0.1334 0.3470 0.5040
0.2726 0.1275 0.4610 0.1389
0.5011 0.3160 0.1016 0.0813
0.0346 0.1778 0.7232 0.0643

MOTIF filter12
letter-probability matrix: alength= 4 w= 7 nsites= 78615
0.3242 0.3907 0.2704 0.0147
0.6185 0.0379 0.0000 0.3436
0.0296 0.1329 0.7993 0.0383
0.0726 0.1985 0.5696 0.1594
0.0976 0.1912 0.5147 0.1966
0.2791 0.1094 0.4576 0.1538
0.1955 0.4141 0.2923 0.0981

MOTIF filter13
letter-probability matrix: alength= 4 w= 7 nsites= 76006
0.0325 0.3751 0.4649 0.1274
0.2732 0.2781 0.4177 0.0311
0.6125 0.0061 0.0055 0.3759
0.0802 0.0174 0.8645 0.0379
0.3877 0.1099 0.2857 0.2167
0.6011 0.1930 0.1305 0.0754
0.4070 0.2705 0.1639 0.1586

MOTIF filter14
letter-probability matrix: alength= 4 w= 7 nsites= 56565
0.3422 0.3746 0.0363 0.2468
0.0186 0.4502 0.0652 0.4660
0.0110 0.3405 0.2065 0.4420
0.0689 0.1379 0.3858 0.4075
0.3063 0.0671 0.1651 0.4615
0.2412 0.1026 0.0588 0.5973
0.1194 0.2786 0.5433 0.0588

MOTIF filter15
letter-probability matrix: alength= 4 w= 7 nsites= 58804
0.2589 0.3218 0.3789 0.0404
0.5356 0.1526 0.2444 0.0675
0.7746 0.0887 0.0120 0.1247
0.1628 0.2653 0.3264 0.2455
0.6402 0.0966 0.1288 0.1344
0.2630 0.1459 0.0301 0.5610
0.0439 0.3920 0.5552 0.0089

