MEME version 4

ALPHABET= ACGU

Background letter frequencies:
A 0.2755 C 0.1964 G 0.1991 U 0.3290

MOTIF filter0
letter-probability matrix: alength= 4 w= 7 nsites= 25534
0.1048 0.2186 0.3521 0.3245
0.2297 0.2930 0.3303 0.1470
0.2680 0.3983 0.0417 0.2920
0.2122 0.2754 0.0422 0.4702
0.1073 0.2831 0.0829 0.5267
0.1533 0.2872 0.0841 0.4755
0.3477 0.2339 0.1027 0.3156

MOTIF filter1
letter-probability matrix: alength= 4 w= 7 nsites= 39911
0.1524 0.2834 0.1198 0.4444
0.2915 0.0546 0.1922 0.4617
0.4288 0.0622 0.3202 0.1888
0.5168 0.0940 0.2374 0.1518
0.4298 0.1562 0.1528 0.2612
0.3513 0.3097 0.0212 0.3179
0.3939 0.3029 0.0068 0.2964

MOTIF filter2
letter-probability matrix: alength= 4 w= 7 nsites= 28338
0.3521 0.1940 0.3264 0.1275
0.4336 0.1789 0.2593 0.1282
0.3778 0.3240 0.1527 0.1455
0.3374 0.2633 0.2055 0.1938
0.3885 0.3436 0.1406 0.1273
0.3936 0.2673 0.1929 0.1462
0.3751 0.3266 0.1644 0.1339

MOTIF filter3
letter-probability matrix: alength= 4 w= 7 nsites= 57289
0.2022 0.1220 0.1463 0.5295
0.1294 0.0738 0.3587 0.4380
0.1031 0.0789 0.3396 0.4783
0.0744 0.0994 0.2994 0.5268
0.1416 0.1130 0.0448 0.7006
0.2104 0.0703 0.0383 0.6809
0.2646 0.0946 0.0169 0.6239

MOTIF filter4
letter-probability matrix: alength= 4 w= 7 nsites= 62806
0.2944 0.2270 0.0742 0.4044
0.2849 0.3054 0.0003 0.4094
0.1902 0.3236 0.0181 0.4681
0.1128 0.2496 0.0189 0.6186
0.1483 0.1472 0.0194 0.6851
0.1835 0.0981 0.0078 0.7107
0.2213 0.1473 0.0089 0.6224

MOTIF filter5
letter-probability matrix: alength= 4 w= 7 nsites= 34802
0.2170 0.0386 0.4020 0.3424
0.1431 0.0256 0.3625 0.4688
0.2492 0.1007 0.4570 0.1930
0.1793 0.1088 0.3083 0.4036
0.1557 0.1371 0.2577 0.4495
0.1435 0.1165 0.2499 0.4901
0.2589 0.1605 0.2271 0.3535

MOTIF filter6
letter-probability matrix: alength= 4 w= 7 nsites= 19935
0.2697 0.1662 0.1838 0.3804
0.1898 0.1826 0.2154 0.4123
0.1917 0.3187 0.2156 0.2740
0.2573 0.2843 0.1261 0.3324
0.2458 0.1696 0.2778 0.3068
0.2061 0.0173 0.5393 0.2373
0.1092 0.0448 0.7669 0.0791

MOTIF filter7
letter-probability matrix: alength= 4 w= 7 nsites= 38312
0.3664 0.2702 0.0280 0.3355
0.2565 0.4073 0.0196 0.3166
0.2955 0.2917 0.0377 0.3751
0.3123 0.2135 0.0491 0.4251
0.2651 0.2701 0.0437 0.4211
0.2491 0.2683 0.0579 0.4247
0.2158 0.3199 0.0941 0.3703

MOTIF filter8
letter-probability matrix: alength= 4 w= 7 nsites= 51313
0.3719 0.1545 0.1449 0.3287
0.2651 0.0850 0.4239 0.2261
0.2461 0.0821 0.4630 0.2088
0.2806 0.0827 0.4152 0.2215
0.2890 0.0829 0.4058 0.2224
0.2994 0.0693 0.3980 0.2334
0.2304 0.1217 0.4687 0.1791

MOTIF filter9
letter-probability matrix: alength= 4 w= 7 nsites= 30708
0.3447 0.0789 0.1366 0.4398
0.2504 0.0727 0.1231 0.5538
0.1370 0.0399 0.0811 0.7420
0.1086 0.0363 0.0434 0.8117
0.1485 0.0252 0.2576 0.5687
0.2875 0.0376 0.2484 0.4264
0.3258 0.0263 0.2834 0.3645

MOTIF filter10
letter-probability matrix: alength= 4 w= 7 nsites= 21856
0.1597 0.2082 0.3414 0.2908
0.0559 0.2945 0.2859 0.3638
0.0737 0.3683 0.3242 0.2338
0.1401 0.5110 0.0885 0.2604
0.2573 0.5539 0.0760 0.1128
0.2761 0.4476 0.0863 0.1900
0.3894 0.2876 0.0837 0.2394

MOTIF filter11
letter-probability matrix: alength= 4 w= 7 nsites= 27758
0.2713 0.1844 0.1538 0.3904
0.2958 0.1079 0.2401 0.3561
0.2680 0.1252 0.2893 0.3175
0.2402 0.1954 0.2572 0.3072
0.4390 0.1606 0.1678 0.2326
0.3350 0.1183 0.1038 0.4428
0.4791 0.0705 0.0918 0.3585

MOTIF filter12
letter-probability matrix: alength= 4 w= 7 nsites= 23064
0.0414 0.1972 0.5504 0.2110
0.1789 0.1949 0.3995 0.2267
0.2735 0.2063 0.1467 0.3735
0.3590 0.0719 0.1450 0.4241
0.3217 0.0865 0.1910 0.4009
0.3771 0.0723 0.2174 0.3331
0.3967 0.0896 0.2138 0.3000

MOTIF filter13
letter-probability matrix: alength= 4 w= 7 nsites= 25178
0.1177 0.4247 0.1355 0.3221
0.0713 0.5718 0.1065 0.2505
0.0354 0.6813 0.0934 0.1899
0.1694 0.5824 0.0629 0.1852
0.1719 0.3347 0.2814 0.2120
0.1709 0.2152 0.4239 0.1901
0.0986 0.3812 0.4003 0.1199

MOTIF filter14
letter-probability matrix: alength= 4 w= 7 nsites= 51594
0.3519 0.2698 0.2138 0.1645
0.2542 0.1760 0.4757 0.0941
0.2223 0.2605 0.3929 0.1243
0.0921 0.4066 0.3339 0.1674
0.1633 0.4803 0.0942 0.2622
0.1866 0.3590 0.2056 0.2489
0.2139 0.2445 0.3546 0.1871

MOTIF filter15
letter-probability matrix: alength= 4 w= 7 nsites= 18916
0.2554 0.0865 0.4805 0.1776
0.2924 0.1479 0.4027 0.1569
0.4919 0.1124 0.1895 0.2062
0.3349 0.0970 0.4178 0.1503
0.3487 0.0948 0.2968 0.2597
0.1501 0.1493 0.4857 0.2150
0.2124 0.2024 0.2878 0.2974

