MEME version 4

ALPHABET= ACGU

Background letter frequencies:
A 0.2747 C 0.1931 G 0.1993 U 0.3330

MOTIF filter0
letter-probability matrix: alength= 4 w= 7 nsites= 320701
0.2672 0.3785 0.0000 0.3543
0.4642 0.2196 0.0000 0.3162
0.2000 0.4066 0.0000 0.3934
0.3332 0.2420 0.0016 0.4232
0.2116 0.3339 0.0338 0.4207
0.2578 0.3571 0.0370 0.3480
0.2685 0.1183 0.2504 0.3628

MOTIF filter1
letter-probability matrix: alength= 4 w= 7 nsites= 107679
0.2869 0.0001 0.0152 0.6978
0.1356 0.0187 0.0002 0.8455
0.3923 0.2035 0.0059 0.3983
0.2459 0.4099 0.1222 0.2221
0.1455 0.2420 0.0557 0.5567
0.2466 0.3924 0.0369 0.3241
0.3766 0.1043 0.2053 0.3138

MOTIF filter2
letter-probability matrix: alength= 4 w= 7 nsites= 89700
0.1912 0.3390 0.3833 0.0865
0.1154 0.4826 0.1664 0.2356
0.1803 0.1294 0.2683 0.4220
0.2459 0.0721 0.4940 0.1880
0.1549 0.1213 0.6245 0.0993
0.1905 0.2961 0.4050 0.1083
0.2617 0.1279 0.2271 0.3834

MOTIF filter3
letter-probability matrix: alength= 4 w= 7 nsites= 282619
0.1502 0.2457 0.0000 0.6041
0.2565 0.0944 0.0322 0.6170
0.2275 0.1249 0.0067 0.6409
0.2294 0.0210 0.0000 0.7496
0.1724 0.0583 0.0000 0.7693
0.1773 0.0799 0.0000 0.7428
0.3182 0.1388 0.0058 0.5372

MOTIF filter4
letter-probability matrix: alength= 4 w= 7 nsites= 52608
0.2888 0.3831 0.3034 0.0247
0.4717 0.2598 0.0215 0.2471
0.4087 0.0422 0.4378 0.1113
0.1250 0.0574 0.5416 0.2760
0.2553 0.0175 0.1324 0.5948
0.4490 0.0063 0.5232 0.0215
0.7897 0.0398 0.1432 0.0274

MOTIF filter5
letter-probability matrix: alength= 4 w= 7 nsites= 315467
0.2729 0.1610 0.0242 0.5419
0.2568 0.1288 0.2805 0.3338
0.3955 0.1323 0.0627 0.4094
0.2929 0.2170 0.0136 0.4766
0.2929 0.2280 0.0411 0.4381
0.2598 0.1917 0.1612 0.3873
0.2630 0.1904 0.1174 0.4292

MOTIF filter6
letter-probability matrix: alength= 4 w= 7 nsites= 638461
0.2808 0.2116 0.1866 0.3209
0.2612 0.2312 0.2018 0.3058
0.3121 0.0545 0.2226 0.4108
0.0000 0.0000 1.0000 0.0000
0.3470 0.3046 0.0002 0.3482
0.3221 0.2231 0.1058 0.3490
0.2569 0.1972 0.1977 0.3482

MOTIF filter7
letter-probability matrix: alength= 4 w= 7 nsites= 42905
0.0553 0.2262 0.6365 0.0821
0.0074 0.1212 0.8192 0.0522
0.0891 0.0536 0.5620 0.2952
0.3689 0.0878 0.2704 0.2729
0.3486 0.2713 0.1478 0.2323
0.3379 0.1458 0.1590 0.3574
0.1438 0.1272 0.2712 0.4577

MOTIF filter8
letter-probability matrix: alength= 4 w= 7 nsites= 74231
0.0119 0.0126 0.0006 0.9749
0.0124 0.0260 0.0994 0.8623
0.0849 0.0280 0.1971 0.6900
0.0512 0.0161 0.3548 0.5779
0.1184 0.0405 0.1490 0.6921
0.2257 0.0946 0.1679 0.5117
0.1809 0.3800 0.1301 0.3090

MOTIF filter9
letter-probability matrix: alength= 4 w= 7 nsites= 81868
0.2013 0.0458 0.0093 0.7436
0.3626 0.0005 0.0112 0.6257
0.4241 0.3710 0.0009 0.2040
0.1585 0.0430 0.0142 0.7843
0.4325 0.4309 0.0300 0.1067
0.3342 0.0458 0.0251 0.5949
0.2607 0.3447 0.0253 0.3693

MOTIF filter10
letter-probability matrix: alength= 4 w= 7 nsites= 86755
0.6258 0.1663 0.0578 0.1501
0.6155 0.0009 0.0549 0.3288
0.1476 0.0000 0.7282 0.1241
0.0587 0.0301 0.8709 0.0404
0.4962 0.2329 0.0368 0.2340
0.5305 0.0994 0.1478 0.2224
0.4761 0.0771 0.3450 0.1019

MOTIF filter11
letter-probability matrix: alength= 4 w= 7 nsites= 164881
0.1182 0.0310 0.4600 0.3908
0.0914 0.3122 0.2819 0.3144
0.0884 0.6941 0.1080 0.1096
0.5414 0.0000 0.1622 0.2964
0.0000 0.3469 0.6317 0.0214
0.3435 0.1999 0.4468 0.0098
0.3213 0.1883 0.1183 0.3721

MOTIF filter12
letter-probability matrix: alength= 4 w= 7 nsites= 55213
0.0523 0.0967 0.6804 0.1706
0.4366 0.0746 0.3357 0.1531
0.8288 0.0116 0.0287 0.1309
0.5181 0.1779 0.0873 0.2167
0.0046 0.1219 0.5816 0.2919
0.5132 0.0786 0.3803 0.0279
0.2666 0.4590 0.0628 0.2116

MOTIF filter13
letter-probability matrix: alength= 4 w= 7 nsites= 123883
0.4237 0.3068 0.0876 0.1819
0.4279 0.2559 0.1764 0.1398
0.5190 0.0739 0.1338 0.2733
0.3611 0.0014 0.4206 0.2169
0.1412 0.0000 0.8587 0.0001
0.3969 0.0686 0.0000 0.5345
0.1981 0.0007 0.7935 0.0077

MOTIF filter14
letter-probability matrix: alength= 4 w= 7 nsites= 54849
0.0195 0.0654 0.8226 0.0924
0.0888 0.6732 0.0141 0.2239
0.4887 0.0698 0.0383 0.4032
0.1209 0.0858 0.6284 0.1650
0.3393 0.3601 0.0901 0.2105
0.2850 0.1993 0.1475 0.3682
0.3479 0.0470 0.0521 0.5530

MOTIF filter15
letter-probability matrix: alength= 4 w= 7 nsites= 97995
0.2465 0.1283 0.1649 0.4603
0.4715 0.5214 0.0013 0.0058
0.0208 0.1140 0.0694 0.7959
0.3264 0.0262 0.4186 0.2288
0.1852 0.0135 0.5137 0.2877
0.0865 0.1333 0.7713 0.0090
0.3871 0.2867 0.1156 0.2105

