MEME version 4

ALPHABET= ACGU

Background letter frequencies:
A 0.2756 C 0.1931 G 0.1990 U 0.3323

MOTIF filter0
letter-probability matrix: alength= 4 w= 7 nsites= 161784
0.2488 0.2819 0.3233 0.1461
0.2412 0.3673 0.2174 0.1741
0.1249 0.5546 0.2089 0.1116
0.1437 0.6364 0.1390 0.0809
0.1638 0.5217 0.2538 0.0607
0.1815 0.2957 0.4174 0.1054
0.2232 0.2179 0.4172 0.1416

MOTIF filter1
letter-probability matrix: alength= 4 w= 7 nsites= 774411
0.3299 0.1524 0.1879 0.3298
0.3531 0.1096 0.2285 0.3087
0.3492 0.1238 0.2784 0.2487
0.4225 0.1001 0.2434 0.2341
0.2939 0.0856 0.4571 0.1634
0.3173 0.1495 0.3585 0.1747
0.2822 0.1807 0.3429 0.1942

MOTIF filter2
letter-probability matrix: alength= 4 w= 7 nsites= 241604
0.0579 0.1341 0.2513 0.5566
0.0706 0.1686 0.2917 0.4691
0.0680 0.2360 0.2183 0.4777
0.0592 0.2392 0.1199 0.5817
0.0398 0.1660 0.0269 0.7672
0.0711 0.0611 0.0411 0.8267
0.1259 0.0502 0.0925 0.7314

MOTIF filter3
letter-probability matrix: alength= 4 w= 7 nsites= 242763
0.4965 0.2087 0.0767 0.2181
0.4399 0.1535 0.2418 0.1647
0.4644 0.0725 0.1868 0.2764
0.4239 0.0796 0.2351 0.2615
0.3917 0.0932 0.1099 0.4052
0.2647 0.0721 0.1054 0.5578
0.1522 0.0517 0.1299 0.6662

MOTIF filter4
letter-probability matrix: alength= 4 w= 7 nsites= 475057
0.2177 0.2776 0.0260 0.4787
0.2084 0.2184 0.0333 0.5398
0.2097 0.1375 0.0188 0.6340
0.1807 0.2574 0.0098 0.5521
0.1239 0.2501 0.0016 0.6244
0.1723 0.2719 0.0028 0.5530
0.2354 0.1463 0.0067 0.6116

MOTIF filter5
letter-probability matrix: alength= 4 w= 7 nsites= 107142
0.0990 0.2715 0.2021 0.4274
0.2258 0.3332 0.0144 0.4266
0.3287 0.1739 0.0268 0.4706
0.3571 0.3583 0.0331 0.2515
0.3112 0.4250 0.0328 0.2311
0.2011 0.5103 0.0207 0.2679
0.2129 0.3554 0.0200 0.4116

MOTIF filter6
letter-probability matrix: alength= 4 w= 7 nsites= 369077
0.1472 0.2630 0.2766 0.3132
0.1406 0.2326 0.2997 0.3271
0.1641 0.1365 0.2837 0.4157
0.0328 0.2030 0.4380 0.3261
0.1110 0.2311 0.3368 0.3211
0.1140 0.2863 0.3208 0.2789
0.1594 0.2187 0.2207 0.4012

MOTIF filter7
letter-probability matrix: alength= 4 w= 7 nsites= 203252
0.0770 0.0758 0.3970 0.4502
0.1857 0.0965 0.1068 0.6110
0.2220 0.1268 0.2555 0.3957
0.2443 0.1175 0.3494 0.2888
0.2032 0.1517 0.3697 0.2755
0.1845 0.1688 0.3653 0.2814
0.2353 0.2315 0.2613 0.2719

MOTIF filter8
letter-probability matrix: alength= 4 w= 7 nsites= 630906
0.2304 0.1067 0.1111 0.5518
0.3135 0.0702 0.1720 0.4442
0.3882 0.0673 0.1515 0.3930
0.5548 0.0505 0.1233 0.2715
0.5611 0.1155 0.0000 0.3235
0.4862 0.1463 0.0347 0.3329
0.3718 0.1774 0.0535 0.3974

MOTIF filter9
letter-probability matrix: alength= 4 w= 7 nsites= 315709
0.3454 0.0777 0.1824 0.3945
0.4666 0.0463 0.1914 0.2957
0.4497 0.1998 0.1116 0.2389
0.5862 0.2295 0.0143 0.1700
0.5853 0.3393 0.0003 0.0750
0.5565 0.2602 0.0536 0.1298
0.3677 0.2307 0.1301 0.2715

MOTIF filter10
letter-probability matrix: alength= 4 w= 7 nsites= 145067
0.4839 0.0412 0.1546 0.3203
0.2508 0.0654 0.1754 0.5084
0.3013 0.1287 0.0538 0.5163
0.1228 0.1988 0.1045 0.5739
0.1775 0.3242 0.0850 0.4133
0.1935 0.3404 0.1959 0.2702
0.3144 0.2766 0.2321 0.1768

MOTIF filter11
letter-probability matrix: alength= 4 w= 7 nsites= 479859
0.1744 0.4064 0.1101 0.3091
0.2742 0.2953 0.0741 0.3565
0.2282 0.1433 0.3999 0.2286
0.2853 0.1718 0.3642 0.1786
0.2933 0.2527 0.3411 0.1129
0.3592 0.3238 0.0733 0.2437
0.3141 0.2237 0.1534 0.3088

MOTIF filter12
letter-probability matrix: alength= 4 w= 7 nsites= 221664
0.3251 0.4650 0.0088 0.2011
0.4284 0.3569 0.0186 0.1962
0.3874 0.2530 0.0454 0.3143
0.4293 0.2121 0.0804 0.2782
0.2101 0.1866 0.1135 0.4897
0.2620 0.2020 0.1779 0.3581
0.1564 0.2044 0.1693 0.4699

MOTIF filter13
letter-probability matrix: alength= 4 w= 7 nsites= 301724
0.3892 0.1673 0.0721 0.3715
0.3505 0.0932 0.2696 0.2867
0.2035 0.0060 0.5352 0.2552
0.2206 0.1116 0.5349 0.1329
0.3350 0.1652 0.3774 0.1225
0.4984 0.2369 0.0883 0.1764
0.4787 0.2060 0.1001 0.2153

MOTIF filter14
letter-probability matrix: alength= 4 w= 7 nsites= 217563
0.3469 0.2110 0.1848 0.2573
0.2997 0.3433 0.1759 0.1811
0.2520 0.3768 0.1256 0.2456
0.1557 0.4134 0.0388 0.3921
0.2558 0.1747 0.0413 0.5282
0.1894 0.1780 0.0138 0.6187
0.2711 0.1482 0.0212 0.5595

MOTIF filter15
letter-probability matrix: alength= 4 w= 7 nsites= 325628
0.3081 0.2676 0.1061 0.3182
0.2408 0.1937 0.1672 0.3983
0.1385 0.1033 0.4475 0.3107
0.0884 0.1150 0.4074 0.3892
0.0469 0.2037 0.3158 0.4337
0.0759 0.3335 0.0185 0.5721
0.0840 0.3052 0.0267 0.5841

