MEME version 4

ALPHABET= ACGU

Background letter frequencies:
A 0.2816 C 0.1922 G 0.2087 U 0.3176

MOTIF filter0
letter-probability matrix: alength= 4 w= 7 nsites= 51452
0.0136 0.1133 0.1082 0.7649
0.5044 0.0737 0.0422 0.3798
0.3194 0.4181 0.0258 0.2367
0.5558 0.0339 0.1970 0.2133
0.4365 0.1144 0.2305 0.2185
0.5236 0.0507 0.0556 0.3701
0.2026 0.2105 0.2837 0.3033

MOTIF filter1
letter-probability matrix: alength= 4 w= 7 nsites= 22363
0.2264 0.6937 0.0307 0.0492
0.3182 0.4165 0.0213 0.2440
0.3373 0.5581 0.0290 0.0757
0.2566 0.5434 0.1699 0.0301
0.1686 0.2682 0.4327 0.1305
0.0719 0.1366 0.4467 0.3448
0.0325 0.1234 0.6081 0.2360

MOTIF filter2
letter-probability matrix: alength= 4 w= 7 nsites= 31239
0.4152 0.0525 0.3146 0.2177
0.4903 0.0886 0.2327 0.1884
0.3715 0.1163 0.2715 0.2406
0.0945 0.4059 0.2906 0.2090
0.0294 0.6147 0.2997 0.0562
0.9039 0.0294 0.0229 0.0438
0.0373 0.0712 0.8608 0.0308

MOTIF filter3
letter-probability matrix: alength= 4 w= 7 nsites= 65015
0.2286 0.1156 0.2377 0.4180
0.0970 0.0315 0.7317 0.1398
0.3515 0.0259 0.2279 0.3946
0.0151 0.0039 0.9644 0.0165
0.1940 0.2653 0.0829 0.4578
0.1517 0.1469 0.1478 0.5535
0.3715 0.0816 0.0677 0.4792

MOTIF filter4
letter-probability matrix: alength= 4 w= 7 nsites= 42810
0.1994 0.4186 0.1705 0.2115
0.4030 0.3066 0.2245 0.0659
0.6763 0.0704 0.2289 0.0244
0.1319 0.1408 0.6865 0.0409
0.4827 0.1421 0.0153 0.3600
0.0452 0.0028 0.9450 0.0070
0.4172 0.2111 0.1952 0.1765

MOTIF filter5
letter-probability matrix: alength= 4 w= 7 nsites= 117229
0.3352 0.2647 0.0561 0.3440
0.3219 0.2858 0.0348 0.3575
0.3515 0.2394 0.0593 0.3498
0.3973 0.0013 0.0435 0.5579
0.0082 0.0000 0.9917 0.0001
0.2537 0.2841 0.0534 0.4087
0.5116 0.1371 0.0032 0.3481

MOTIF filter6
letter-probability matrix: alength= 4 w= 7 nsites= 53516
0.0044 0.3381 0.0115 0.6460
0.0598 0.3486 0.2962 0.2954
0.0443 0.3779 0.1815 0.3963
0.0712 0.1882 0.4192 0.3214
0.0406 0.1789 0.3555 0.4250
0.0516 0.3377 0.0475 0.5632
0.3010 0.2257 0.1501 0.3232

MOTIF filter7
letter-probability matrix: alength= 4 w= 7 nsites= 145183
0.3624 0.1441 0.1040 0.3895
0.3743 0.0301 0.1623 0.4333
0.0000 0.0002 0.9998 0.0000
0.3353 0.2375 0.0172 0.4100
0.3184 0.1988 0.2629 0.2199
0.4127 0.2203 0.0077 0.3593
0.3580 0.1349 0.0443 0.4628

MOTIF filter8
letter-probability matrix: alength= 4 w= 7 nsites= 48270
0.0439 0.2250 0.1007 0.6304
0.0414 0.1298 0.4866 0.3422
0.2747 0.2508 0.1232 0.3512
0.0841 0.0748 0.4968 0.3443
0.2072 0.2934 0.4498 0.0496
0.4202 0.1523 0.0742 0.3533
0.1772 0.2735 0.4787 0.0706

MOTIF filter9
letter-probability matrix: alength= 4 w= 7 nsites= 212957
0.3674 0.1871 0.1763 0.2692
0.3762 0.0480 0.2570 0.3188
0.0000 0.0000 1.0000 0.0000
0.3985 0.2554 0.0001 0.3460
0.3682 0.1103 0.1932 0.3284
0.3097 0.0755 0.3549 0.2600
0.2509 0.2150 0.2758 0.2583

MOTIF filter10
letter-probability matrix: alength= 4 w= 7 nsites= 32716
0.0463 0.5280 0.3094 0.1162
0.0291 0.0173 0.0551 0.8986
0.0431 0.0004 0.8871 0.0695
0.3852 0.1000 0.2998 0.2150
0.3993 0.1769 0.3664 0.0574
0.1881 0.5741 0.2013 0.0365
0.3568 0.1821 0.2406 0.2206

MOTIF filter11
letter-probability matrix: alength= 4 w= 7 nsites= 33729
0.6472 0.0444 0.2368 0.0716
0.1645 0.0776 0.5726 0.1853
0.6369 0.2263 0.0290 0.1078
0.1168 0.3345 0.0127 0.5360
0.3337 0.1526 0.0925 0.4213
0.4102 0.0624 0.1797 0.3477
0.1237 0.0807 0.5454 0.2502

MOTIF filter12
letter-probability matrix: alength= 4 w= 7 nsites= 37887
0.2024 0.1323 0.0004 0.6649
0.5824 0.0880 0.0151 0.3145
0.1682 0.6994 0.0022 0.1302
0.0888 0.1098 0.0295 0.7719
0.2123 0.2888 0.2702 0.2287
0.1813 0.1349 0.4227 0.2611
0.4316 0.2351 0.1596 0.1737

MOTIF filter13
letter-probability matrix: alength= 4 w= 7 nsites= 40180
0.0988 0.6363 0.0054 0.2595
0.4126 0.2125 0.0818 0.2931
0.1032 0.1608 0.2565 0.4795
0.6118 0.0010 0.1086 0.2786
0.2371 0.1458 0.5119 0.1052
0.7147 0.1058 0.1294 0.0501
0.5981 0.2200 0.1217 0.0602

MOTIF filter14
letter-probability matrix: alength= 4 w= 7 nsites= 32872
0.1674 0.5158 0.0697 0.2470
0.0565 0.0158 0.3996 0.5280
0.0869 0.0466 0.7155 0.1511
0.4396 0.2828 0.1287 0.1489
0.1378 0.5990 0.0064 0.2568
0.1289 0.0756 0.3266 0.4689
0.0309 0.0254 0.6946 0.2490

MOTIF filter15
letter-probability matrix: alength= 4 w= 7 nsites= 26765
0.1878 0.1115 0.1522 0.5486
0.0560 0.2759 0.1055 0.5625
0.0259 0.6657 0.1586 0.1499
0.1521 0.6455 0.0319 0.1705
0.0337 0.1557 0.0519 0.7588
0.0566 0.7598 0.0714 0.1122
0.2606 0.4150 0.1078 0.2166

