MEME version 4

ALPHABET= ACGU

Background letter frequencies:
A 0.2816 C 0.1912 G 0.2083 U 0.3189

MOTIF filter0
letter-probability matrix: alength= 4 w= 7 nsites= 21088
0.1213 0.6780 0.1222 0.0785
0.2423 0.5572 0.1484 0.0522
0.2788 0.3099 0.2719 0.1394
0.0954 0.4546 0.3776 0.0724
0.0672 0.5414 0.3262 0.0652
0.2871 0.4624 0.0636 0.1869
0.1069 0.1894 0.6553 0.0484

MOTIF filter1
letter-probability matrix: alength= 4 w= 7 nsites= 61015
0.0892 0.3188 0.0219 0.5701
0.6807 0.1531 0.0000 0.1663
0.3595 0.0850 0.0008 0.5547
0.6374 0.0862 0.0186 0.2577
0.1321 0.1013 0.0022 0.7643
0.1258 0.1009 0.2413 0.5320
0.0455 0.2189 0.4465 0.2891

MOTIF filter2
letter-probability matrix: alength= 4 w= 7 nsites= 35724
0.7074 0.0003 0.2771 0.0152
0.0000 0.9903 0.0000 0.0097
0.2422 0.0055 0.0228 0.7295
0.1128 0.1424 0.3614 0.3834
0.3814 0.1896 0.1593 0.2697
0.3933 0.0809 0.1653 0.3605
0.2033 0.1104 0.4167 0.2696

MOTIF filter3
letter-probability matrix: alength= 4 w= 7 nsites= 63829
0.2547 0.1361 0.2908 0.3184
0.3830 0.2538 0.2011 0.1620
0.0088 0.1872 0.3205 0.4835
0.3795 0.0952 0.4639 0.0614
0.9204 0.0519 0.0000 0.0277
0.0035 0.0185 0.5171 0.4609
0.6124 0.1312 0.1392 0.1171

MOTIF filter4
letter-probability matrix: alength= 4 w= 7 nsites= 40990
0.3578 0.1103 0.3139 0.2181
0.6275 0.0312 0.1640 0.1772
0.3592 0.0185 0.5246 0.0977
0.7205 0.0400 0.2163 0.0233
0.5967 0.0314 0.0048 0.3670
0.4522 0.0717 0.0012 0.4748
0.5198 0.2821 0.0056 0.1926

MOTIF filter5
letter-probability matrix: alength= 4 w= 7 nsites= 33732
0.0000 0.0108 0.9644 0.0248
0.5410 0.1402 0.0013 0.3175
0.3996 0.2638 0.0585 0.2781
0.4794 0.2319 0.0054 0.2833
0.2874 0.2945 0.0255 0.3926
0.3358 0.1526 0.0658 0.4458
0.1584 0.1458 0.6012 0.0946

MOTIF filter6
letter-probability matrix: alength= 4 w= 7 nsites= 44023
0.7209 0.0156 0.0224 0.2411
0.3349 0.0805 0.2936 0.2910
0.1534 0.0437 0.1887 0.6142
0.0000 0.1887 0.7554 0.0559
0.0076 0.3460 0.2249 0.4215
0.0510 0.3531 0.2770 0.3189
0.0577 0.6157 0.1184 0.2081

MOTIF filter7
letter-probability matrix: alength= 4 w= 7 nsites= 61462
0.0261 0.3192 0.3720 0.2827
0.4124 0.5079 0.0260 0.0537
0.0860 0.3137 0.2892 0.3111
0.5987 0.2269 0.1263 0.0481
0.2634 0.1178 0.6169 0.0020
0.2730 0.2398 0.4507 0.0365
0.3381 0.3788 0.0706 0.2125

MOTIF filter8
letter-probability matrix: alength= 4 w= 7 nsites= 64365
0.5234 0.2491 0.0356 0.1919
0.5786 0.0453 0.0448 0.3312
0.3771 0.0077 0.5888 0.0265
0.4703 0.0958 0.1984 0.2355
0.4491 0.0530 0.3178 0.1801
0.5774 0.0642 0.1936 0.1647
0.3907 0.1069 0.1779 0.3245

MOTIF filter9
letter-probability matrix: alength= 4 w= 7 nsites= 218595
0.3196 0.1721 0.1325 0.3757
0.2910 0.0494 0.2506 0.4089
0.0000 0.0000 1.0000 0.0000
0.3689 0.2125 0.0000 0.4185
0.2785 0.1334 0.2515 0.3366
0.3023 0.1604 0.1691 0.3682
0.2966 0.1774 0.0891 0.4369

MOTIF filter10
letter-probability matrix: alength= 4 w= 7 nsites= 244030
0.3338 0.1506 0.1847 0.3309
0.2799 0.2045 0.2064 0.3093
0.3376 0.2620 0.1394 0.2610
0.3335 0.2734 0.1386 0.2546
0.4239 0.0273 0.1338 0.4151
0.0000 0.0000 1.0000 0.0000
0.3108 0.2714 0.0388 0.3791

MOTIF filter11
letter-probability matrix: alength= 4 w= 7 nsites= 16929
0.0306 0.0780 0.7879 0.1036
0.0878 0.1822 0.1512 0.5788
0.1868 0.1394 0.6582 0.0156
0.2420 0.0227 0.0771 0.6582
0.0012 0.5270 0.2718 0.2000
0.2989 0.2643 0.2525 0.1843
0.2154 0.5550 0.0043 0.2254

MOTIF filter12
letter-probability matrix: alength= 4 w= 7 nsites= 46489
0.2187 0.1512 0.0971 0.5330
0.3132 0.0962 0.3983 0.1923
0.0009 0.1379 0.0033 0.8579
0.0106 0.6657 0.0177 0.3060
0.7605 0.1514 0.0070 0.0811
0.0736 0.3973 0.1768 0.3523
0.2178 0.1715 0.1856 0.4251

MOTIF filter13
letter-probability matrix: alength= 4 w= 7 nsites= 31192
0.6240 0.0071 0.2534 0.1155
0.3099 0.5906 0.0149 0.0846
0.2106 0.3735 0.0351 0.3808
0.4941 0.2248 0.0853 0.1958
0.3137 0.1150 0.1452 0.4260
0.3484 0.2410 0.3710 0.0395
0.0845 0.7872 0.1241 0.0041

MOTIF filter14
letter-probability matrix: alength= 4 w= 7 nsites= 29272
0.2733 0.1586 0.2554 0.3127
0.4604 0.0730 0.1204 0.3463
0.1086 0.3295 0.0844 0.4775
0.0704 0.1142 0.0016 0.8139
0.3641 0.2254 0.0710 0.3395
0.3860 0.2163 0.0804 0.3173
0.5251 0.1895 0.0159 0.2695

MOTIF filter15
letter-probability matrix: alength= 4 w= 7 nsites= 39246
0.3703 0.5744 0.0407 0.0146
0.0081 0.0695 0.2295 0.6929
0.2316 0.2206 0.3639 0.1839
0.6082 0.1634 0.0659 0.1625
0.2282 0.3143 0.3063 0.1512
0.1177 0.2812 0.3369 0.2643
0.0792 0.6272 0.0035 0.2901

