MEME version 4

ALPHABET= ACGU

Background letter frequencies:
A 0.2817 C 0.1915 G 0.2084 U 0.3184

MOTIF filter0
letter-probability matrix: alength= 4 w= 7 nsites= 85288
0.2380 0.1392 0.0568 0.5660
0.1119 0.1417 0.1584 0.5881
0.1330 0.1726 0.3721 0.3223
0.1589 0.1160 0.3305 0.3946
0.2771 0.1147 0.2441 0.3641
0.3351 0.1051 0.0356 0.5242
0.3270 0.2022 0.0313 0.4396

MOTIF filter1
letter-probability matrix: alength= 4 w= 7 nsites= 91180
0.0874 0.2954 0.4136 0.2036
0.1956 0.3233 0.2233 0.2578
0.1653 0.3548 0.1964 0.2835
0.2877 0.1461 0.3325 0.2337
0.2013 0.0713 0.5338 0.1936
0.2175 0.1018 0.5718 0.1089
0.1127 0.1498 0.5295 0.2080

MOTIF filter2
letter-probability matrix: alength= 4 w= 7 nsites= 60543
0.2712 0.2285 0.2100 0.2904
0.2703 0.2896 0.3111 0.1289
0.2723 0.3870 0.2075 0.1333
0.2722 0.3621 0.1625 0.2031
0.3467 0.4420 0.0483 0.1630
0.4341 0.2798 0.1303 0.1557
0.3430 0.2860 0.1550 0.2160

MOTIF filter3
letter-probability matrix: alength= 4 w= 7 nsites= 66818
0.3391 0.2286 0.3365 0.0958
0.5921 0.1662 0.1636 0.0781
0.4200 0.2132 0.2803 0.0865
0.4539 0.1920 0.2325 0.1215
0.2432 0.3108 0.3077 0.1383
0.4309 0.2712 0.2162 0.0817
0.5459 0.2062 0.1977 0.0502

MOTIF filter4
letter-probability matrix: alength= 4 w= 7 nsites= 50906
0.2790 0.5651 0.0460 0.1099
0.2542 0.3250 0.2956 0.1252
0.3038 0.1647 0.4066 0.1249
0.2155 0.1739 0.4732 0.1374
0.2669 0.1957 0.2326 0.3048
0.3001 0.0860 0.2905 0.3234
0.2678 0.1892 0.2756 0.2674

MOTIF filter5
letter-probability matrix: alength= 4 w= 7 nsites= 145425
0.1123 0.0806 0.1857 0.6213
0.0638 0.2106 0.1324 0.5932
0.0418 0.2903 0.0151 0.6529
0.0482 0.3038 0.0405 0.6075
0.0267 0.2211 0.1406 0.6117
0.0893 0.1965 0.2187 0.4954
0.0915 0.2052 0.1959 0.5073

MOTIF filter6
letter-probability matrix: alength= 4 w= 7 nsites= 104251
0.6216 0.2820 0.0661 0.0303
0.6361 0.1904 0.1192 0.0543
0.5314 0.1361 0.2714 0.0611
0.3958 0.1221 0.3175 0.1645
0.3232 0.1475 0.3072 0.2221
0.3944 0.1434 0.1252 0.3370
0.3463 0.1112 0.2939 0.2486

MOTIF filter7
letter-probability matrix: alength= 4 w= 7 nsites= 53199
0.1814 0.2092 0.4521 0.1573
0.2525 0.1461 0.3557 0.2457
0.2079 0.3758 0.2169 0.1994
0.2283 0.2956 0.0772 0.3990
0.1044 0.3112 0.3204 0.2640
0.1697 0.0819 0.4465 0.3018
0.2132 0.2726 0.4370 0.0772

MOTIF filter8
letter-probability matrix: alength= 4 w= 7 nsites= 98981
0.1560 0.4288 0.0942 0.3210
0.0453 0.3855 0.0685 0.5007
0.2600 0.2447 0.0118 0.4835
0.3284 0.0909 0.1271 0.4536
0.4351 0.1521 0.1866 0.2262
0.3198 0.1149 0.2303 0.3350
0.2898 0.1135 0.1812 0.4155

MOTIF filter9
letter-probability matrix: alength= 4 w= 7 nsites= 507941
0.2304 0.0844 0.4236 0.2615
0.2320 0.1027 0.4256 0.2397
0.3368 0.1390 0.1957 0.3286
0.3494 0.1296 0.1976 0.3234
0.3604 0.1501 0.1242 0.3654
0.3355 0.1485 0.1604 0.3556
0.2910 0.1529 0.2203 0.3358

MOTIF filter10
letter-probability matrix: alength= 4 w= 7 nsites= 41797
0.0759 0.4078 0.3359 0.1803
0.2083 0.3139 0.2643 0.2134
0.1901 0.1811 0.4847 0.1441
0.1573 0.2937 0.3621 0.1869
0.0228 0.4664 0.3425 0.1683
0.0411 0.6108 0.1176 0.2305
0.0589 0.6139 0.1623 0.1649

MOTIF filter11
letter-probability matrix: alength= 4 w= 7 nsites= 98648
0.4621 0.2102 0.1968 0.1309
0.3589 0.4776 0.0706 0.0928
0.3136 0.3922 0.0088 0.2854
0.2031 0.3450 0.0120 0.4398
0.2614 0.1399 0.0467 0.5520
0.2446 0.1522 0.0902 0.5129
0.1634 0.2605 0.1539 0.4223

MOTIF filter12
letter-probability matrix: alength= 4 w= 7 nsites= 29068
0.3330 0.2562 0.2481 0.1627
0.2145 0.2177 0.4405 0.1272
0.1205 0.1852 0.5622 0.1322
0.1018 0.3730 0.3919 0.1333
0.1182 0.4683 0.2530 0.1605
0.1047 0.5232 0.2384 0.1337
0.1481 0.4609 0.2711 0.1199

MOTIF filter13
letter-probability matrix: alength= 4 w= 7 nsites= 107223
0.1881 0.2673 0.1450 0.3996
0.3662 0.2646 0.0886 0.2806
0.3189 0.2777 0.0674 0.3361
0.3516 0.2297 0.1495 0.2692
0.3458 0.1961 0.1888 0.2692
0.4419 0.1669 0.2732 0.1180
0.3345 0.2118 0.4137 0.0400

MOTIF filter14
letter-probability matrix: alength= 4 w= 7 nsites= 71515
0.0656 0.5658 0.1823 0.1863
0.0797 0.5968 0.0643 0.2591
0.0638 0.5334 0.0704 0.3323
0.0957 0.4249 0.1483 0.3311
0.1238 0.3251 0.2035 0.3476
0.1425 0.2482 0.3485 0.2607
0.0968 0.1753 0.5005 0.2274

MOTIF filter15
letter-probability matrix: alength= 4 w= 7 nsites= 147728
0.4813 0.1103 0.0866 0.3218
0.4644 0.0727 0.0976 0.3654
0.2960 0.1661 0.0831 0.4548
0.2165 0.1421 0.0272 0.6142
0.0767 0.1980 0.0425 0.6828
0.1301 0.1512 0.1641 0.5546
0.3321 0.1803 0.1694 0.3183

