MEME version 4

ALPHABET= ACGU

Background letter frequencies:
A 0.2861 C 0.1901 G 0.2069 U 0.3169

MOTIF filter0
letter-probability matrix: alength= 4 w= 7 nsites= 39911
0.1488 0.3216 0.2270 0.3026
0.1437 0.3471 0.2391 0.2701
0.0486 0.5285 0.1724 0.2506
0.0549 0.6626 0.1723 0.1103
0.2022 0.5955 0.0763 0.1260
0.2045 0.4469 0.1017 0.2468
0.1923 0.3683 0.0986 0.3409

MOTIF filter1
letter-probability matrix: alength= 4 w= 7 nsites= 55889
0.3774 0.2962 0.0393 0.2871
0.3951 0.2937 0.2026 0.1085
0.4329 0.2879 0.1837 0.0956
0.3052 0.3566 0.3080 0.0303
0.3824 0.3164 0.1812 0.1200
0.3603 0.2089 0.2953 0.1354
0.4890 0.1337 0.2278 0.1495

MOTIF filter2
letter-probability matrix: alength= 4 w= 7 nsites= 49099
0.2438 0.1339 0.1739 0.4484
0.3220 0.1038 0.1274 0.4467
0.3682 0.0496 0.1953 0.3869
0.2296 0.0206 0.4974 0.2524
0.2800 0.0895 0.5230 0.1075
0.3985 0.0967 0.3398 0.1650
0.4396 0.1284 0.2448 0.1873

MOTIF filter3
letter-probability matrix: alength= 4 w= 7 nsites= 33815
0.2858 0.3073 0.0500 0.3569
0.3325 0.3739 0.1180 0.1755
0.2737 0.4934 0.1079 0.1250
0.5046 0.3313 0.0807 0.0834
0.5073 0.2796 0.0091 0.2040
0.4657 0.2135 0.0822 0.2386
0.3774 0.2580 0.1226 0.2420

MOTIF filter4
letter-probability matrix: alength= 4 w= 7 nsites= 74712
0.1060 0.1673 0.0184 0.7082
0.1197 0.0537 0.0525 0.7741
0.2039 0.0743 0.0518 0.6700
0.3096 0.1053 0.0534 0.5317
0.3202 0.1628 0.0498 0.4671
0.2550 0.1881 0.0503 0.5066
0.1844 0.2916 0.0686 0.4554

MOTIF filter5
letter-probability matrix: alength= 4 w= 7 nsites= 98168
0.3152 0.1728 0.0001 0.5118
0.2750 0.1661 0.0008 0.5582
0.2822 0.1260 0.0431 0.5486
0.2760 0.1292 0.2388 0.3560
0.2094 0.0844 0.3961 0.3100
0.2754 0.0949 0.4100 0.2197
0.3095 0.1338 0.2938 0.2629

MOTIF filter6
letter-probability matrix: alength= 4 w= 7 nsites= 37349
0.1122 0.2503 0.5042 0.1332
0.2560 0.2771 0.3790 0.0879
0.2255 0.1887 0.2643 0.3214
0.2001 0.1390 0.2337 0.4271
0.0791 0.0524 0.4494 0.4191
0.2406 0.1169 0.3854 0.2571
0.3578 0.1186 0.2814 0.2422

MOTIF filter7
letter-probability matrix: alength= 4 w= 7 nsites= 37740
0.7066 0.0503 0.1914 0.0517
0.7911 0.0481 0.0976 0.0632
0.5773 0.0699 0.1607 0.1921
0.4415 0.0740 0.2922 0.1923
0.2912 0.0835 0.3273 0.2980
0.3543 0.1634 0.3083 0.1740
0.2272 0.2725 0.1971 0.3032

MOTIF filter8
letter-probability matrix: alength= 4 w= 7 nsites= 46553
0.3496 0.4085 0.1852 0.0567
0.5094 0.2607 0.1826 0.0473
0.3666 0.2042 0.3862 0.0429
0.4156 0.2309 0.2868 0.0667
0.1818 0.3389 0.2642 0.2151
0.3266 0.3138 0.0520 0.3076
0.2982 0.2085 0.1795 0.3137

MOTIF filter9
letter-probability matrix: alength= 4 w= 7 nsites= 56540
0.1249 0.1417 0.1297 0.6037
0.0893 0.2084 0.1305 0.5719
0.0938 0.1634 0.1295 0.6132
0.0716 0.1499 0.3116 0.4669
0.0695 0.1257 0.2468 0.5580
0.0597 0.1447 0.2604 0.5353
0.0849 0.1678 0.0877 0.6595

MOTIF filter10
letter-probability matrix: alength= 4 w= 7 nsites= 43799
0.2858 0.2511 0.0807 0.3823
0.2261 0.2505 0.1041 0.4194
0.4357 0.1685 0.0881 0.3078
0.3061 0.1580 0.0544 0.4815
0.3123 0.2909 0.0631 0.3336
0.1728 0.4149 0.1145 0.2978
0.2795 0.4569 0.0985 0.1651

MOTIF filter11
letter-probability matrix: alength= 4 w= 7 nsites= 48932
0.3524 0.0959 0.3039 0.2478
0.2688 0.0271 0.2646 0.4395
0.0917 0.0209 0.5609 0.3265
0.1510 0.0555 0.3419 0.4517
0.2573 0.0720 0.3467 0.3240
0.3619 0.1288 0.0727 0.4366
0.4035 0.1475 0.0949 0.3541

MOTIF filter12
letter-probability matrix: alength= 4 w= 7 nsites= 41523
0.6773 0.1407 0.0886 0.0934
0.4896 0.1427 0.1193 0.2484
0.2218 0.2559 0.1917 0.3307
0.2103 0.1939 0.1996 0.3962
0.3727 0.2368 0.1663 0.2242
0.5809 0.1277 0.1649 0.1265
0.5619 0.1157 0.2645 0.0579

MOTIF filter13
letter-probability matrix: alength= 4 w= 7 nsites= 60688
0.3061 0.2530 0.1862 0.2548
0.3041 0.2827 0.1247 0.2884
0.3557 0.1743 0.1447 0.3253
0.2239 0.0887 0.4675 0.2198
0.3122 0.0819 0.3732 0.2328
0.3275 0.1098 0.3540 0.2087
0.3907 0.1269 0.2354 0.2471

MOTIF filter14
letter-probability matrix: alength= 4 w= 7 nsites= 58511
0.2439 0.1439 0.2133 0.3989
0.1812 0.0128 0.4725 0.3335
0.1695 0.0114 0.6001 0.2190
0.1171 0.0287 0.6500 0.2042
0.1712 0.1325 0.4089 0.2874
0.1504 0.1533 0.2735 0.4228
0.1878 0.2244 0.1231 0.4647

MOTIF filter15
letter-probability matrix: alength= 4 w= 7 nsites= 64477
0.3165 0.3370 0.0325 0.3140
0.1747 0.4305 0.0025 0.3923
0.1314 0.6186 0.0006 0.2493
0.2589 0.4461 0.0074 0.2876
0.2849 0.4796 0.0704 0.1651
0.2921 0.3249 0.1142 0.2688
0.2142 0.3389 0.1690 0.2779

