MEME version 4

ALPHABET= ACGU

Background letter frequencies:
A 0.2876 C 0.1909 G 0.2059 U 0.3157

MOTIF filter0
letter-probability matrix: alength= 4 w= 7 nsites= 14223
0.2957 0.0490 0.0887 0.5666
0.1274 0.0487 0.1246 0.6993
0.2116 0.1723 0.1050 0.5111
0.2088 0.2362 0.0607 0.4943
0.1815 0.2398 0.0283 0.5505
0.1284 0.1289 0.0770 0.6657
0.2950 0.0923 0.1281 0.4846

MOTIF filter1
letter-probability matrix: alength= 4 w= 7 nsites= 10838
0.1031 0.3081 0.1591 0.4297
0.1094 0.2043 0.3784 0.3079
0.1155 0.1205 0.5020 0.2620
0.0960 0.1044 0.5534 0.2462
0.0829 0.2626 0.2859 0.3686
0.1308 0.3481 0.0903 0.4308
0.1004 0.5033 0.0190 0.3773

MOTIF filter2
letter-probability matrix: alength= 4 w= 7 nsites= 14268
0.1322 0.0942 0.3484 0.4252
0.2512 0.0387 0.3224 0.3877
0.4264 0.0434 0.1891 0.3412
0.5613 0.0979 0.0974 0.2434
0.4919 0.0891 0.2826 0.1365
0.2981 0.1304 0.5167 0.0549
0.2466 0.0853 0.5488 0.1194

MOTIF filter3
letter-probability matrix: alength= 4 w= 7 nsites= 22743
0.2338 0.2452 0.2518 0.2692
0.3130 0.3378 0.1477 0.2016
0.4115 0.3739 0.0118 0.2028
0.3523 0.2620 0.0034 0.3823
0.2462 0.1537 0.0322 0.5679
0.1499 0.0981 0.1899 0.5622
0.2045 0.1664 0.2303 0.3989

MOTIF filter4
letter-probability matrix: alength= 4 w= 7 nsites= 28178
0.3613 0.1307 0.1795 0.3285
0.3263 0.1217 0.1520 0.3999
0.2538 0.0864 0.3487 0.3110
0.2569 0.1121 0.3452 0.2858
0.2944 0.1898 0.3483 0.1675
0.4529 0.2195 0.0280 0.2997
0.4338 0.1448 0.0943 0.3272

MOTIF filter5
letter-probability matrix: alength= 4 w= 7 nsites= 18229
0.1634 0.2940 0.2205 0.3221
0.1023 0.2757 0.1463 0.4757
0.0852 0.2730 0.1839 0.4579
0.2754 0.2284 0.0839 0.4124
0.3294 0.2608 0.0601 0.3497
0.3916 0.3116 0.0024 0.2945
0.2701 0.2948 0.0064 0.4288

MOTIF filter6
letter-probability matrix: alength= 4 w= 7 nsites= 13803
0.2079 0.0536 0.1647 0.5738
0.2252 0.0454 0.2701 0.4593
0.2115 0.0124 0.3459 0.4302
0.2644 0.0232 0.3728 0.3397
0.2273 0.0268 0.3980 0.3479
0.2379 0.0579 0.3148 0.3894
0.0967 0.0516 0.3592 0.4925

MOTIF filter7
letter-probability matrix: alength= 4 w= 7 nsites= 7271
0.3447 0.1585 0.2929 0.2038
0.1678 0.2482 0.2742 0.3097
0.0990 0.2588 0.1659 0.4763
0.2197 0.3185 0.0555 0.4063
0.1696 0.2360 0.2880 0.3064
0.1669 0.3872 0.2847 0.1612
0.2393 0.3478 0.2590 0.1540

MOTIF filter8
letter-probability matrix: alength= 4 w= 7 nsites= 7730
0.1522 0.1330 0.2440 0.4708
0.1418 0.1632 0.3417 0.3532
0.1483 0.1903 0.1989 0.4625
0.0893 0.2079 0.3614 0.3413
0.0855 0.1736 0.2220 0.5189
0.0493 0.1391 0.2260 0.5856
0.0182 0.1259 0.0786 0.7772

MOTIF filter9
letter-probability matrix: alength= 4 w= 7 nsites= 11444
0.4845 0.2268 0.1969 0.0918
0.5791 0.2285 0.0815 0.1108
0.3334 0.3443 0.0278 0.2945
0.2677 0.1739 0.0169 0.5415
0.1446 0.2504 0.0591 0.5459
0.2533 0.2193 0.0741 0.4533
0.4240 0.2117 0.0720 0.2924

MOTIF filter10
letter-probability matrix: alength= 4 w= 7 nsites= 11072
0.3469 0.2972 0.0195 0.3364
0.3025 0.3416 0.0190 0.3369
0.2621 0.3630 0.0592 0.3156
0.1933 0.3514 0.0595 0.3958
0.2220 0.2681 0.2373 0.2727
0.3275 0.0615 0.2165 0.3945
0.3530 0.2291 0.2077 0.2101

MOTIF filter11
letter-probability matrix: alength= 4 w= 7 nsites= 6094
0.2199 0.3101 0.3098 0.1602
0.2857 0.1325 0.3188 0.2630
0.4254 0.1353 0.2360 0.2033
0.4108 0.1417 0.2848 0.1627
0.5041 0.1481 0.2778 0.0700
0.3336 0.1369 0.4567 0.0728
0.4241 0.1051 0.2591 0.2117

MOTIF filter12
letter-probability matrix: alength= 4 w= 7 nsites= 13998
0.3874 0.0663 0.2449 0.3013
0.3011 0.1783 0.3100 0.2106
0.2642 0.2870 0.2153 0.2335
0.2070 0.4014 0.2660 0.1256
0.3757 0.3203 0.2034 0.1006
0.5011 0.1953 0.2326 0.0709
0.6512 0.1165 0.1584 0.0739

MOTIF filter13
letter-probability matrix: alength= 4 w= 7 nsites= 10342
0.2196 0.1327 0.4414 0.2063
0.0690 0.2006 0.4977 0.2327
0.1786 0.1715 0.4524 0.1975
0.2242 0.1322 0.5236 0.1199
0.2016 0.0651 0.6535 0.0797
0.1361 0.1693 0.6124 0.0822
0.1284 0.2462 0.5530 0.0725

MOTIF filter14
letter-probability matrix: alength= 4 w= 7 nsites= 17913
0.2732 0.1506 0.0859 0.4903
0.3164 0.2238 0.0382 0.4217
0.3991 0.2672 0.0387 0.2950
0.4324 0.2681 0.1324 0.1670
0.4323 0.1438 0.1455 0.2783
0.2604 0.0461 0.4533 0.2402
0.1920 0.0632 0.5107 0.2340

MOTIF filter15
letter-probability matrix: alength= 4 w= 7 nsites= 20052
0.3719 0.2406 0.1603 0.2272
0.3334 0.1549 0.2075 0.3042
0.2391 0.1017 0.5107 0.1485
0.2994 0.1303 0.4198 0.1505
0.4006 0.1829 0.3517 0.0648
0.5041 0.2635 0.0974 0.1350
0.4970 0.2416 0.1340 0.1275

