MEME version 4

ALPHABET= ACGU

Background letter frequencies:
A 0.2872 C 0.1906 G 0.2050 U 0.3172

MOTIF filter0
letter-probability matrix: alength= 4 w= 7 nsites= 29137
0.1680 0.0281 0.0655 0.7383
0.0905 0.0574 0.3562 0.4959
0.1920 0.1065 0.1000 0.6015
0.6244 0.0614 0.1319 0.1823
0.4427 0.0870 0.0719 0.3984
0.5267 0.0351 0.0633 0.3749
0.3769 0.1036 0.2157 0.3038

MOTIF filter1
letter-probability matrix: alength= 4 w= 7 nsites= 22835
0.1870 0.3258 0.2897 0.1974
0.4054 0.2082 0.3029 0.0834
0.2132 0.1008 0.0994 0.5866
0.6080 0.0980 0.1115 0.1825
0.2431 0.6604 0.0299 0.0666
0.0372 0.2945 0.0022 0.6661
0.1255 0.3620 0.0163 0.4963

MOTIF filter2
letter-probability matrix: alength= 4 w= 7 nsites= 18110
0.3005 0.4008 0.1447 0.1540
0.0605 0.3476 0.0185 0.5734
0.5316 0.1829 0.0197 0.2659
0.1896 0.1621 0.0365 0.6117
0.2642 0.0697 0.0291 0.6370
0.0411 0.0566 0.0602 0.8421
0.1808 0.5271 0.0829 0.2092

MOTIF filter3
letter-probability matrix: alength= 4 w= 7 nsites= 21012
0.0334 0.0324 0.5807 0.3536
0.2192 0.0259 0.7025 0.0524
0.2172 0.1413 0.2158 0.4257
0.2005 0.3178 0.0725 0.4092
0.2784 0.0019 0.3254 0.3944
0.1024 0.1425 0.5894 0.1657
0.0936 0.0947 0.6112 0.2005

MOTIF filter4
letter-probability matrix: alength= 4 w= 7 nsites= 17789
0.0478 0.0424 0.3923 0.5175
0.0240 0.3772 0.3420 0.2568
0.0097 0.5959 0.0835 0.3110
0.3814 0.2907 0.1445 0.1833
0.0732 0.2776 0.2239 0.4253
0.0473 0.1179 0.1217 0.7131
0.1042 0.5669 0.1233 0.2056

MOTIF filter5
letter-probability matrix: alength= 4 w= 7 nsites= 20692
0.6838 0.0150 0.2204 0.0807
0.0321 0.2007 0.0908 0.6764
0.0701 0.5553 0.0469 0.3277
0.3474 0.0114 0.0597 0.5815
0.3129 0.5518 0.0179 0.1173
0.5846 0.2280 0.0146 0.1728
0.4838 0.2236 0.0606 0.2320

MOTIF filter6
letter-probability matrix: alength= 4 w= 7 nsites= 23374
0.4751 0.3582 0.1166 0.0500
0.6244 0.0696 0.0835 0.2225
0.2383 0.0308 0.3047 0.4261
0.3126 0.5302 0.0650 0.0922
0.4774 0.0175 0.0674 0.4377
0.2963 0.3064 0.0852 0.3121
0.1857 0.0220 0.0312 0.7611

MOTIF filter7
letter-probability matrix: alength= 4 w= 7 nsites= 36126
0.2734 0.2448 0.0118 0.4700
0.2204 0.2295 0.1533 0.3968
0.2214 0.3308 0.0273 0.4205
0.2756 0.0524 0.0528 0.6192
0.0006 0.0006 0.9877 0.0111
0.2659 0.2356 0.0956 0.4029
0.2055 0.1586 0.2987 0.3372

MOTIF filter8
letter-probability matrix: alength= 4 w= 7 nsites= 15393
0.0116 0.1678 0.0086 0.8120
0.1985 0.2326 0.0702 0.4987
0.1207 0.4282 0.0848 0.3662
0.0269 0.6501 0.0635 0.2596
0.1741 0.2425 0.3197 0.2638
0.0426 0.4339 0.4573 0.0662
0.0799 0.0940 0.2219 0.6041

MOTIF filter9
letter-probability matrix: alength= 4 w= 7 nsites= 15939
0.4959 0.2265 0.2405 0.0371
0.1356 0.3609 0.3720 0.1315
0.3689 0.4552 0.0740 0.1019
0.1445 0.6728 0.0338 0.1490
0.4388 0.1368 0.2279 0.1964
0.0846 0.4843 0.3027 0.1285
0.2962 0.6383 0.0501 0.0154

MOTIF filter10
letter-probability matrix: alength= 4 w= 7 nsites= 29551
0.0934 0.1443 0.1883 0.5739
0.2595 0.0571 0.5900 0.0935
0.3904 0.0134 0.3015 0.2947
0.0238 0.0013 0.9608 0.0141
0.3356 0.2202 0.3311 0.1132
0.4257 0.1717 0.0288 0.3738
0.4216 0.1807 0.1197 0.2780

MOTIF filter11
letter-probability matrix: alength= 4 w= 7 nsites= 27839
0.1561 0.2837 0.0061 0.5541
0.1564 0.5232 0.0600 0.2604
0.3982 0.3590 0.0020 0.2408
0.0540 0.2925 0.2170 0.4365
0.1947 0.2596 0.1895 0.3562
0.2156 0.0120 0.2547 0.5177
0.0067 0.2142 0.5756 0.2035

MOTIF filter12
letter-probability matrix: alength= 4 w= 7 nsites= 18073
0.8063 0.1150 0.0367 0.0420
0.1267 0.2120 0.3472 0.3140
0.3632 0.0142 0.3503 0.2723
0.1995 0.1806 0.0367 0.5832
0.0341 0.4448 0.1130 0.4081
0.2570 0.3737 0.0392 0.3301
0.0263 0.1838 0.0682 0.7217

MOTIF filter13
letter-probability matrix: alength= 4 w= 7 nsites= 31614
0.1055 0.0956 0.7134 0.0856
0.3635 0.2628 0.0686 0.3050
0.3360 0.3306 0.0304 0.3030
0.4101 0.1232 0.0501 0.4166
0.0910 0.0832 0.7246 0.1011
0.2960 0.2455 0.1249 0.3336
0.3193 0.2058 0.1889 0.2859

MOTIF filter14
letter-probability matrix: alength= 4 w= 7 nsites= 28373
0.3680 0.2556 0.1044 0.2720
0.0590 0.1590 0.1491 0.6329
0.6963 0.0729 0.1238 0.1069
0.4457 0.0807 0.0610 0.4126
0.4970 0.0344 0.0097 0.4590
0.1154 0.8767 0.0013 0.0066
0.2419 0.3167 0.0397 0.4018

MOTIF filter15
letter-probability matrix: alength= 4 w= 7 nsites= 23217
0.0400 0.1736 0.0165 0.7698
0.5833 0.0462 0.3033 0.0672
0.0260 0.5296 0.2105 0.2338
0.3833 0.3681 0.0043 0.2443
0.3532 0.2553 0.0734 0.3180
0.5498 0.3289 0.0339 0.0874
0.1728 0.5374 0.0270 0.2627

