MEME version 4

ALPHABET= ACGU

Background letter frequencies:
A 0.2668 C 0.2132 G 0.2224 U 0.2976

MOTIF filter0
letter-probability matrix: alength= 4 w= 7 nsites= 52687
0.0596 0.2345 0.2133 0.4926
0.2236 0.2051 0.4001 0.1712
0.2990 0.1674 0.2901 0.2436
0.4853 0.3897 0.0996 0.0254
0.1037 0.7837 0.0263 0.0864
0.1573 0.0107 0.7322 0.0998
0.0685 0.0594 0.7313 0.1408

MOTIF filter1
letter-probability matrix: alength= 4 w= 7 nsites= 161578
0.5171 0.2123 0.1921 0.0785
0.3897 0.3192 0.2379 0.0531
0.5283 0.1069 0.2362 0.1286
0.5769 0.1703 0.2510 0.0018
0.4901 0.1474 0.3565 0.0060
0.8902 0.1044 0.0047 0.0006
0.4122 0.1222 0.4581 0.0076

MOTIF filter2
letter-probability matrix: alength= 4 w= 7 nsites= 116021
0.1241 0.8733 0.0007 0.0019
0.3186 0.3924 0.0033 0.2858
0.1937 0.2447 0.2856 0.2761
0.2572 0.2023 0.0569 0.4836
0.2893 0.3727 0.0258 0.3123
0.2472 0.1635 0.1008 0.4884
0.2472 0.2513 0.1464 0.3550

MOTIF filter3
letter-probability matrix: alength= 4 w= 7 nsites= 81213
0.6236 0.0067 0.1832 0.1866
0.0136 0.0019 0.8918 0.0928
0.2715 0.1176 0.4015 0.2094
0.2387 0.2979 0.3303 0.1331
0.0405 0.0264 0.1283 0.8048
0.0411 0.4236 0.2809 0.2544
0.2027 0.3591 0.2894 0.1488

MOTIF filter4
letter-probability matrix: alength= 4 w= 7 nsites= 111395
0.2197 0.0455 0.1054 0.6295
0.3506 0.0512 0.1354 0.4627
0.2677 0.1558 0.1149 0.4615
0.1108 0.3087 0.3848 0.1958
0.3239 0.2368 0.2080 0.2313
0.2377 0.2484 0.3464 0.1675
0.1438 0.3707 0.2068 0.2787

MOTIF filter5
letter-probability matrix: alength= 4 w= 7 nsites= 160716
0.1080 0.0965 0.0276 0.7679
0.1761 0.2137 0.0315 0.5787
0.1095 0.0788 0.0586 0.7531
0.0344 0.0897 0.3204 0.5555
0.2790 0.0732 0.0015 0.6463
0.1622 0.3133 0.0072 0.5173
0.1433 0.3085 0.0662 0.4820

MOTIF filter6
letter-probability matrix: alength= 4 w= 7 nsites= 163105
0.2059 0.0498 0.2547 0.4895
0.0561 0.5039 0.0571 0.3829
0.3303 0.0314 0.0004 0.6379
0.0000 0.5100 0.3797 0.1103
0.4600 0.1199 0.2856 0.1345
0.0360 0.4038 0.4800 0.0802
0.1879 0.2893 0.3283 0.1946

MOTIF filter7
letter-probability matrix: alength= 4 w= 7 nsites= 238346
0.4318 0.0013 0.0097 0.5572
0.0001 0.0000 0.9999 0.0000
0.4290 0.0455 0.0635 0.4620
0.3967 0.0718 0.1725 0.3590
0.3257 0.0788 0.1833 0.4122
0.2996 0.1319 0.1985 0.3700
0.2955 0.1891 0.1568 0.3587

MOTIF filter8
letter-probability matrix: alength= 4 w= 7 nsites= 187403
0.2292 0.3587 0.1567 0.2554
0.1860 0.3952 0.1494 0.2694
0.2772 0.2783 0.2423 0.2023
0.3134 0.0983 0.3159 0.2724
0.0100 0.0314 0.9558 0.0028
0.4092 0.1681 0.1622 0.2606
0.3012 0.2368 0.2368 0.2252

MOTIF filter9
letter-probability matrix: alength= 4 w= 7 nsites= 112091
0.0415 0.0624 0.5197 0.3765
0.0694 0.0222 0.9037 0.0047
0.0426 0.0311 0.7082 0.2180
0.4732 0.0253 0.4652 0.0362
0.3106 0.3004 0.3051 0.0838
0.4013 0.1824 0.0839 0.3324
0.4039 0.1491 0.0685 0.3786

MOTIF filter10
letter-probability matrix: alength= 4 w= 7 nsites= 183166
0.3553 0.0241 0.3148 0.3059
0.4879 0.0546 0.0782 0.3792
0.3829 0.0410 0.4797 0.0965
0.2593 0.0642 0.0287 0.6478
0.2923 0.1658 0.0001 0.5418
0.8110 0.0881 0.0000 0.1009
0.5716 0.2550 0.0152 0.1582

MOTIF filter11
letter-probability matrix: alength= 4 w= 7 nsites= 60258
0.1056 0.3244 0.4781 0.0920
0.1512 0.5319 0.0796 0.2374
0.1716 0.4568 0.1826 0.1891
0.2560 0.1685 0.2113 0.3642
0.0132 0.1700 0.7569 0.0599
0.2301 0.3695 0.2190 0.1814
0.0310 0.2866 0.5984 0.0839

MOTIF filter12
letter-probability matrix: alength= 4 w= 7 nsites= 112399
0.2245 0.5671 0.0229 0.1854
0.2506 0.3616 0.2663 0.1215
0.1971 0.7140 0.0019 0.0869
0.2878 0.4901 0.0121 0.2099
0.0839 0.2707 0.0000 0.6454
0.3422 0.3206 0.1108 0.2264
0.1569 0.1649 0.0658 0.6125

MOTIF filter13
letter-probability matrix: alength= 4 w= 7 nsites= 131122
0.0296 0.4983 0.4178 0.0544
0.0910 0.6672 0.0498 0.1920
0.0780 0.3156 0.1072 0.4992
0.1245 0.2175 0.2879 0.3701
0.1031 0.3756 0.1785 0.3428
0.1545 0.3852 0.2674 0.1929
0.1336 0.1711 0.3276 0.3678

MOTIF filter14
letter-probability matrix: alength= 4 w= 7 nsites= 79041
0.0250 0.1759 0.3985 0.4006
0.1007 0.0504 0.1340 0.7149
0.3119 0.0826 0.2509 0.3546
0.5790 0.0576 0.0644 0.2990
0.7286 0.1075 0.0810 0.0829
0.0851 0.3970 0.0766 0.4413
0.1735 0.3024 0.1484 0.3757

MOTIF filter15
letter-probability matrix: alength= 4 w= 7 nsites= 603005
0.3273 0.2786 0.0574 0.3367
0.2912 0.2220 0.1611 0.3257
0.2723 0.2411 0.1709 0.3157
0.2764 0.2289 0.1807 0.3141
0.2660 0.2133 0.2217 0.2990
0.2716 0.2143 0.2101 0.3040
0.2477 0.2214 0.2368 0.2941

