MEME version 4

ALPHABET= ACGU

Background letter frequencies:
A 0.2673 C 0.2130 G 0.2224 U 0.2973

MOTIF filter0
letter-probability matrix: alength= 4 w= 7 nsites= 279596
0.3308 0.2415 0.2032 0.2246
0.3746 0.2476 0.2355 0.1423
0.5586 0.1381 0.1799 0.1234
0.3934 0.1095 0.4265 0.0706
0.4380 0.1804 0.3340 0.0476
0.2607 0.2995 0.2914 0.1484
0.4050 0.2573 0.1004 0.2373

MOTIF filter1
letter-probability matrix: alength= 4 w= 7 nsites= 1005549
0.2036 0.3230 0.2392 0.2342
0.1938 0.3435 0.2391 0.2236
0.1855 0.3781 0.2303 0.2060
0.2054 0.3783 0.1963 0.2200
0.2076 0.4091 0.1852 0.1980
0.2193 0.3433 0.1942 0.2432
0.1471 0.2431 0.4376 0.1721

MOTIF filter2
letter-probability matrix: alength= 4 w= 7 nsites= 241889
0.1598 0.0308 0.5863 0.2230
0.2009 0.1302 0.4750 0.1939
0.3542 0.2038 0.2684 0.1735
0.4569 0.2858 0.0006 0.2566
0.5404 0.1898 0.0103 0.2594
0.4136 0.1588 0.0524 0.3751
0.3658 0.0939 0.2257 0.3147

MOTIF filter3
letter-probability matrix: alength= 4 w= 7 nsites= 147487
0.2056 0.3238 0.2440 0.2266
0.1853 0.2166 0.4359 0.1622
0.2007 0.1612 0.3561 0.2819
0.1411 0.0827 0.3418 0.4343
0.1796 0.1600 0.1341 0.5263
0.1768 0.1417 0.1999 0.4816
0.3989 0.1272 0.2167 0.2573

MOTIF filter4
letter-probability matrix: alength= 4 w= 7 nsites= 156066
0.2115 0.1816 0.5689 0.0380
0.2748 0.1444 0.4778 0.1030
0.2933 0.2359 0.2308 0.2400
0.1054 0.3485 0.2062 0.3399
0.1009 0.4285 0.0816 0.3890
0.1328 0.4692 0.1134 0.2846
0.2335 0.3572 0.2207 0.1887

MOTIF filter5
letter-probability matrix: alength= 4 w= 7 nsites= 209803
0.5155 0.1628 0.0374 0.2843
0.4702 0.1258 0.1156 0.2885
0.4722 0.1830 0.1468 0.1980
0.3032 0.2019 0.1416 0.3533
0.2329 0.2000 0.2677 0.2995
0.1054 0.1829 0.4163 0.2954
0.1645 0.1238 0.6081 0.1036

MOTIF filter6
letter-probability matrix: alength= 4 w= 7 nsites= 181019
0.1502 0.2088 0.4135 0.2275
0.0412 0.3970 0.3862 0.1757
0.0291 0.4808 0.1745 0.3156
0.0426 0.5387 0.1306 0.2881
0.0852 0.3846 0.2466 0.2835
0.0926 0.3714 0.3810 0.1550
0.0899 0.3672 0.4361 0.1068

MOTIF filter7
letter-probability matrix: alength= 4 w= 7 nsites= 494247
0.3100 0.1897 0.1167 0.3836
0.2325 0.1205 0.3780 0.2689
0.3271 0.0606 0.3533 0.2590
0.3602 0.0450 0.4748 0.1200
0.4322 0.0542 0.3366 0.1769
0.3555 0.0464 0.3705 0.2275
0.3003 0.0779 0.3012 0.3207

MOTIF filter8
letter-probability matrix: alength= 4 w= 7 nsites= 314553
0.4181 0.2316 0.1331 0.2172
0.3267 0.2272 0.2309 0.2152
0.3146 0.1875 0.2192 0.2787
0.3543 0.1547 0.2181 0.2728
0.3937 0.1765 0.0126 0.4172
0.3175 0.2878 0.0004 0.3942
0.2466 0.3105 0.0009 0.4419

MOTIF filter9
letter-probability matrix: alength= 4 w= 7 nsites= 354167
0.2899 0.2367 0.0529 0.4205
0.3707 0.1927 0.0249 0.4117
0.4198 0.2675 0.0372 0.2755
0.3609 0.1754 0.0226 0.4411
0.2379 0.1999 0.0174 0.5448
0.2700 0.1897 0.0157 0.5247
0.3317 0.1630 0.0440 0.4612

MOTIF filter10
letter-probability matrix: alength= 4 w= 7 nsites= 151030
0.4115 0.2646 0.1482 0.1757
0.4443 0.3131 0.1572 0.0854
0.2572 0.3749 0.1742 0.1937
0.1803 0.2164 0.3801 0.2232
0.1194 0.1947 0.2529 0.4329
0.1639 0.0911 0.3205 0.4245
0.1627 0.1866 0.2306 0.4202

MOTIF filter11
letter-probability matrix: alength= 4 w= 7 nsites= 250494
0.0514 0.1069 0.4149 0.4267
0.0343 0.0949 0.4210 0.4499
0.0700 0.0823 0.5475 0.3002
0.1538 0.1585 0.4148 0.2729
0.1582 0.2728 0.4296 0.1394
0.1507 0.4157 0.2662 0.1674
0.1504 0.3560 0.3164 0.1772

MOTIF filter12
letter-probability matrix: alength= 4 w= 7 nsites= 151355
0.4124 0.3803 0.1411 0.0662
0.3202 0.3353 0.3142 0.0302
0.2553 0.2893 0.4112 0.0442
0.0605 0.4362 0.4218 0.0815
0.0904 0.5166 0.2178 0.1753
0.1111 0.5226 0.1491 0.2172
0.1081 0.4856 0.2289 0.1774

MOTIF filter13
letter-probability matrix: alength= 4 w= 7 nsites= 215065
0.4471 0.0852 0.2905 0.1773
0.6126 0.0720 0.1021 0.2133
0.5112 0.0796 0.2157 0.1934
0.6452 0.1177 0.1524 0.0847
0.5726 0.1690 0.1598 0.0985
0.6555 0.1529 0.0907 0.1009
0.5547 0.1307 0.2110 0.1036

MOTIF filter14
letter-probability matrix: alength= 4 w= 7 nsites= 115425
0.1113 0.5146 0.2913 0.0828
0.1701 0.3864 0.2712 0.1723
0.1716 0.3371 0.3410 0.1502
0.3847 0.1307 0.3245 0.1601
0.3386 0.1676 0.2228 0.2710
0.3251 0.0811 0.0688 0.5251
0.1368 0.1781 0.0532 0.6320

MOTIF filter15
letter-probability matrix: alength= 4 w= 7 nsites= 717233
0.2600 0.1215 0.2063 0.4122
0.2373 0.0988 0.2506 0.4133
0.2705 0.0437 0.2362 0.4496
0.1997 0.0235 0.4826 0.2942
0.1925 0.0612 0.4119 0.3344
0.1238 0.1607 0.3838 0.3317
0.2158 0.2177 0.0874 0.4790

