MEME version 4

ALPHABET= ACGU

Background letter frequencies:
A 0.2654 C 0.2146 G 0.2250 U 0.2950

MOTIF filter0
letter-probability matrix: alength= 4 w= 7 nsites= 28175
0.0957 0.1958 0.3130 0.3955
0.1314 0.2798 0.0078 0.5810
0.1309 0.2480 0.0348 0.5862
0.1258 0.2270 0.0838 0.5633
0.1253 0.2174 0.1429 0.5144
0.1332 0.2142 0.1322 0.5204
0.1332 0.2345 0.1317 0.5006

MOTIF filter1
letter-probability matrix: alength= 4 w= 7 nsites= 22766
0.3055 0.3811 0.2585 0.0548
0.4453 0.2574 0.0968 0.2005
0.3241 0.2913 0.0043 0.3802
0.2903 0.2457 0.0307 0.4333
0.2225 0.3695 0.0376 0.3704
0.2531 0.3094 0.0889 0.3487
0.2095 0.2983 0.2156 0.2765

MOTIF filter2
letter-probability matrix: alength= 4 w= 7 nsites= 19081
0.3544 0.2185 0.0707 0.3565
0.3591 0.1428 0.0586 0.4395
0.3346 0.0883 0.0835 0.4936
0.2256 0.0553 0.1217 0.5974
0.2465 0.0532 0.2118 0.4884
0.1753 0.3416 0.1673 0.3159
0.2594 0.3940 0.1482 0.1984

MOTIF filter3
letter-probability matrix: alength= 4 w= 7 nsites= 18369
0.1103 0.3123 0.4608 0.1166
0.1053 0.3481 0.3145 0.2321
0.0568 0.3918 0.3507 0.2007
0.2387 0.2481 0.3063 0.2069
0.2056 0.1950 0.5356 0.0638
0.2259 0.1570 0.4987 0.1184
0.1011 0.3108 0.4433 0.1448

MOTIF filter4
letter-probability matrix: alength= 4 w= 7 nsites= 13608
0.1244 0.3295 0.3624 0.1837
0.0926 0.2165 0.5398 0.1511
0.2017 0.1219 0.5123 0.1641
0.2455 0.1282 0.3842 0.2421
0.4347 0.1671 0.1455 0.2526
0.3457 0.3206 0.1483 0.1855
0.2894 0.2367 0.2313 0.2426

MOTIF filter5
letter-probability matrix: alength= 4 w= 7 nsites= 9927
0.3750 0.2508 0.1814 0.1928
0.3979 0.2538 0.0956 0.2527
0.3210 0.1099 0.0334 0.5357
0.1781 0.1288 0.2777 0.4154
0.2178 0.0541 0.2907 0.4374
0.3059 0.0709 0.4562 0.1670
0.3201 0.1897 0.2820 0.2081

MOTIF filter6
letter-probability matrix: alength= 4 w= 7 nsites= 71595
0.1914 0.3503 0.2355 0.2227
0.1879 0.3631 0.2290 0.2200
0.1707 0.3731 0.2372 0.2189
0.2084 0.3542 0.2149 0.2225
0.2110 0.3530 0.2456 0.1904
0.2547 0.3042 0.2466 0.1945
0.1847 0.2141 0.4684 0.1328

MOTIF filter7
letter-probability matrix: alength= 4 w= 7 nsites= 21300
0.4074 0.2124 0.0891 0.2911
0.3593 0.2945 0.1219 0.2244
0.3915 0.3299 0.0873 0.1913
0.4570 0.2766 0.1113 0.1551
0.4031 0.1819 0.3025 0.1125
0.3943 0.1158 0.3626 0.1273
0.3346 0.1729 0.3702 0.1223

MOTIF filter8
letter-probability matrix: alength= 4 w= 7 nsites= 16601
0.3924 0.0341 0.3619 0.2116
0.2635 0.0683 0.4643 0.2039
0.2369 0.2254 0.3232 0.2146
0.1274 0.4186 0.3498 0.1041
0.3355 0.4202 0.1210 0.1233
0.3964 0.2954 0.1787 0.1294
0.4833 0.1194 0.2945 0.1028

MOTIF filter9
letter-probability matrix: alength= 4 w= 7 nsites= 18598
0.4910 0.1442 0.0939 0.2709
0.3144 0.1815 0.1193 0.3849
0.2905 0.1615 0.0561 0.4919
0.3161 0.1446 0.0917 0.4476
0.4702 0.0682 0.0926 0.3690
0.4808 0.0835 0.1201 0.3156
0.3750 0.0636 0.2018 0.3596

MOTIF filter10
letter-probability matrix: alength= 4 w= 7 nsites= 19184
0.2029 0.3473 0.0940 0.3558
0.1084 0.3900 0.1697 0.3319
0.1079 0.2931 0.2058 0.3933
0.1588 0.3038 0.2434 0.2939
0.3127 0.2831 0.1886 0.2156
0.5466 0.2452 0.1557 0.0526
0.5301 0.2132 0.2348 0.0218

MOTIF filter11
letter-probability matrix: alength= 4 w= 7 nsites= 11020
0.3065 0.1165 0.2372 0.3398
0.2632 0.2436 0.1853 0.3079
0.1899 0.3806 0.2517 0.1777
0.0371 0.4800 0.2917 0.1912
0.1108 0.3396 0.4396 0.1100
0.2288 0.1831 0.4903 0.0978
0.2373 0.1482 0.3628 0.2517

MOTIF filter12
letter-probability matrix: alength= 4 w= 7 nsites= 15136
0.1420 0.1338 0.4840 0.2402
0.2404 0.1546 0.2904 0.3145
0.1834 0.1378 0.4345 0.2443
0.1963 0.1323 0.3812 0.2902
0.1917 0.0982 0.4277 0.2824
0.2188 0.1464 0.2960 0.3387
0.2127 0.1521 0.2245 0.4107

MOTIF filter13
letter-probability matrix: alength= 4 w= 7 nsites= 33657
0.3994 0.0900 0.1412 0.3694
0.3426 0.0895 0.2696 0.2984
0.3959 0.1373 0.2415 0.2254
0.3508 0.2667 0.2323 0.1503
0.4612 0.2618 0.0001 0.2769
0.4225 0.2363 0.0001 0.3410
0.4069 0.1775 0.0005 0.4151

MOTIF filter14
letter-probability matrix: alength= 4 w= 7 nsites= 21264
0.2831 0.2407 0.3626 0.1136
0.3126 0.2430 0.3183 0.1262
0.2648 0.2864 0.2372 0.2116
0.3692 0.2928 0.0366 0.3013
0.4193 0.1911 0.0595 0.3301
0.3461 0.0780 0.3634 0.2126
0.3092 0.1106 0.3582 0.2219

MOTIF filter15
letter-probability matrix: alength= 4 w= 7 nsites= 9470
0.4766 0.3576 0.0549 0.1109
0.3682 0.4416 0.0625 0.1277
0.2658 0.3231 0.0957 0.3154
0.1364 0.2537 0.1771 0.4328
0.0549 0.1414 0.2258 0.5779
0.2920 0.1433 0.1799 0.3848
0.3627 0.2341 0.1239 0.2793

